# Created by Octave 3.8.2, Mon Feb 09 13:03:47 2015 BRT <uluyac@uluyac-linux-note>
# name: Base_dados_em
# type: matrix
# rows: 240
# columns: 7
 1 0.001670255812074021 0.00039798625614426 0.001390591768665882 0.01929473121940079 0.01700177678813615 0.01590870368224372
 1 0.001590551208973218 0.0004215407064281703 0.001897371736773917 0.01667818747869569 0.01792555583103084 0.01507293659561967
 1 0.001815162320313363 0.0003780174310199689 0.002104684654462447 0.01626015313611865 0.01946798634680394 0.01966554091761573
 1 0.001705434120299601 0.0003981669839181637 0.001561468391735398 0.02544699727885213 0.0210816130544264 0.02194776916616084
 1 0.001667896492514144 0.0003220862294403906 0.001150376497424107 0.02120437928926701 0.02110385761955284 0.02166377682816386
 1 0.001899298377474405 0.0003083131332784008 0.0019182939992171 0.01502595504207117 0.01490914385895948 0.01438269013319562
 1 0.002091224062359033 0.0004322153247379747 0.001922486905232431 0.0163089904036027 0.01675381366847678 0.01663568708860561
 1 0.001736632197650628 0.0006043252129940922 0.001742108895197048 0.01670215238924158 0.01496894812022989 0.01717071392663134
 1 0.001863928627996114 0.0004873932559531454 0.001830455778866836 0.01717445501019022 0.02083574331210769 0.01736127068445057
 1 0.002026809357440723 0.0006061216900585682 0.002267870057792599 0.02169852068832612 0.02297882317421956 0.01876388654165125
 1 0.001770314111292074 0.0005172559546016604 0.001803111805949236 0.01616227811984633 0.01880977625996636 0.01725321868633992
 1 0.002273227187902719 0.0006620895576958541 0.002191595192443429 0.01670191317357351 0.0167856206448486 0.01735388495529025
 1 0.001784734801555993 0.0005021813645054362 0.001566063528963587 0.01723817539786542 0.01738376628384122 0.01621779141284367
 1 0.001598850536978322 0.0003573788951285827 0.001500196281578933 0.0128286636190332 0.01289752103230075 0.01581871579285922
 1 0.001490879374602635 0.0005230617127137136 0.001493422534800306 0.01017759049846448 0.01349561693451663 0.01389031146677576
 1 0.00172746619850081 0.0006163306919843857 0.001884557639115524 0.01404971731861852 0.01848373058924064 0.01374105020859959
 1 0.001715445128455992 0.0004361698550254497 0.001652648225880783 0.02044534191277689 0.02065440422287783 0.02103677126030491
 1 0.001944797774183602 0.0007828064215002814 0.001869347586988748 0.01548484990320578 0.01773863385439161 0.01420248548845651
 1 0.001832634535395173 0.0005330284898056516 0.001750849061958935 0.01877738596946684 0.01660538059887845 0.01952519711348476
 1 0.002088899328384682 0.0005684463606906059 0.00220351591816819 0.01588575937698966 0.01675997746825948 0.01358842367948604
 1 0.001701097969515475 0.0004040039761051534 0.001547462335528692 0.01842977815642609 0.01800026877267226 0.01555769649728542
 1 0.001584672627469509 0.0005661323961474481 0.001639126755936736 0.01600982547907779 0.01364424102253428 0.01400937609449487
 1 0.001672337388946066 0.0004343399067348531 0.001983057204630891 0.01729647716278079 0.018582302829561 0.01792334595081046
 1 0.001666782545372018 0.0004593777246030151 0.001591061038174857 0.02086660003404152 0.02251997515910088 0.02043180965525454
 1 0.001933226698630003 0.0005692786047763271 0.001891491317294185 0.01587312533620598 0.0173093095554002 0.01561582731517207
 1 0.001909011185563514 0.0006668232796057973 0.002226014100419408 0.01593499810763279 0.01959836973008972 0.01218647780182862
 1 0.002496888468017384 0.0006591704685824398 0.002291475655383032 0.0108242161503614 0.0164338272668808 0.0109670438211815
 1 0.002106926267394746 0.0006658044429369956 0.00228993616450069 0.01908894643130996 0.01918562325028246 0.01625710793272329
 1 0.002304238084762903 0.0006930245469617087 0.002341661735548604 0.01506380833931539 0.01860715117812595 0.01492724174700241
 1 0.002165328394746934 0.0006665457667303626 0.0020146529715194 0.01294654027584805 0.01991524276679391 0.01968404410716193
 1 0.001709364003157647 0.0006897780216988576 0.001904783198619103 0.01406459939363964 0.01503871114859456 0.01849533658187093
 1 0.002275204463266233 0.0004671419586614909 0.001917304635584484 0.02141653117038193 0.01870007608579612 0.02195481999625306
 1 0.002214826455692847 0.0005063221094249176 0.002801433923722697 0.01951339344080994 0.0170183698506354 0.01708142769385045
 1 0.001901513921970172 0.000926462257312989 0.002338500458792714 0.01663570750251842 0.0158711032961253 0.01303267482625107
 1 0.002264923360281253 0.0006461316844167484 0.002202661314113368 0.01627836691645036 0.01555636279345693 0.01777161293378161
 1 0.002273335681269454 0.0004282286430707455 0.001521479998141354 0.0119258097059102 0.01664248172522674 0.01688345516747283
 1 0.002254333603087519 0.0007414530154277248 0.002327111791320594 0.009148714075716432 0.0121442221665709 0.01151616474232009
 1 0.001761375866848632 0.000556655658276585 0.001938255847550633 0.01311825864856562 0.01301577047731176 0.01813983535242342
 1 0.001707409992856634 0.0005227446286372689 0.001905459928989102 0.01241648696358974 0.01331028017114744 0.01707506931579716
 1 0.002019957370932755 0.0004412526250065619 0.002049240158800693 0.0109349776074841 0.01063594747503378 0.01401875688014305
 1 0.001953911436619837 0.000622272045144111 0.001775907249850734 0.01864645344803641 0.01716749497562174 0.01358818296834435
 1 0.002130154222982521 0.0006505053460992909 0.002129940963275357 0.01985027025579192 0.01825024315590525 0.01498463025698414
 1 0.002149695127915351 0.0005355983382177891 0.002507867021219802 0.01755756818043967 0.0177095071335291 0.01424658800255853
 1 0.002078259352836849 0.0006919440107211781 0.001842400680643217 0.01194090755470831 0.02017107135624661 0.01885264634623684
 1 0.002645071287497359 0.001338745077902139 0.00263182027848263 0.01465937194401351 0.01112890123438207 0.0115544389405635
 1 0.002810507556136253 0.00172367204334007 0.002631609913771047 0.008716452281314438 0.008733457811713035 0.01003798952705305
 1 0.002031296550997638 0.0006442031089263645 0.001724063261810718 0.01166637098252878 0.008012245278961426 0.01044022684268572
 1 0.001936755942154879 0.0004972317634474367 0.002204062832655477 0.01663243254656329 0.01970111540106445 0.01740959876671747
 1 0.001898806855192609 0.0003552320950642186 0.002003943251112452 0.01954051961938327 0.01695159507170165 0.01538245851877475
 1 0.001791422663387112 0.0004405096637648786 0.001881136533999554 0.01897955244556493 0.01358013483042299 0.01810087502698089
 1 0.001919486244437838 0.0005916346907239741 0.002217756489895649 0.01863072603942366 0.01807728046646439 0.0170313552609076
 1 0.002165369397328532 0.0003327025998456064 0.002153667537274035 0.01817592282699342 0.01337340070734123 0.01795394529074624
 1 0.001498944251165137 0.0003713254425312704 0.001533495414872111 0.01757582364039249 0.01722957461717734 0.01625750133558669
 1 0.0020766021252587 0.0006008253451895468 0.002022330982136022 0.013303511462278 0.009294246746197518 0.01313869421400704
 1 0.001800793253219278 0.000351282430366566 0.00184234451372013 0.01841288354641827 0.01858148119222599 0.01667613586886791
 1 0.001943709790661689 0.0004522930880754644 0.001611376065263424 0.01529212920548801 0.01890377387543811 0.0177709478990765
 1 0.002267531383939052 0.0008480356480994837 0.002014853386651637 0.01836881340844155 0.02164707112590778 0.01798892732667429
 1 0.002653042920160971 0.001092295457309589 0.001690091381753207 0.01891583869166339 0.01627641992693236 0.02167398728591681
 1 0.001478321651074441 0.0004915202104719853 0.001160872267502173 0.0130588223452452 0.02126584018658345 0.01892448501665664
 1 0.00148187930200109 0.0005005131738628373 0.001677691438104202 0.01497696151798446 0.01873693504454445 0.01913056737729298
 1 0.001748971008905112 0.0004956714550001464 0.00188609212935298 0.01820869090698542 0.01474216935693397 0.02029756163901442
 1 0.001748659875900065 0.0006023884111205977 0.001963384953673933 0.01862847700463972 0.01819834623487045 0.01900944376560584
