# Created by Octave 4.0.0, Sat Apr 09 10:14:49 2016 BRT <uluyac@uluyac-note-ubuntu>
# name: m_a_treinamento
# type: matrix
# rows: 1
# columns: 100
 0.5 0.8513671874999998 0.9220703125 0.9589192708333332 0.9636067708333332 0.9670572916666667 0.9686848958333336 0.9736979166666666 0.9779947916666669 0.9805989583333334 0.9843098958333332 0.9846354166666668 0.9847005208333334 0.9863932291666666 0.9860026041666666 0.9876953125 0.9868489583333332 0.9879557291666667 0.9884765625000002 0.9881510416666668 0.9895833333333334 0.9904947916666667 0.9902994791666666 0.9908203125000001 0.9932291666666666 0.9947916666666667 0.9955729166666668 0.9960286458333332 0.9970703125 0.9983072916666667 0.9993489583333334 0.9994140625 0.999609375 0.9996744791666666 0.999609375 0.9998697916666666 0.9998697916666666 0.9998697916666668 1 0.9996744791666666 0.9997395833333333 0.9999348958333332 0.9998046875 0.9998697916666666 0.9998697916666666 0.9999348958333332 0.9998697916666666 0.9999348958333334 0.9998697916666668 0.9999348958333334 0.9998697916666666 1 0.9999348958333334 1 1 1 1 0.9999348958333334 1 0.9999348958333332 0.9998697916666666 1 1 1 1 1 0.9999348958333332 1 0.9999348958333332 1 1 1 1 1 1 1 1 1 1 1 1 1 1 1 1 1 1 1 1 1 1 1 1 1 1 1 1 1 1 1


