# Created by Octave 4.0.0, Sat Apr 09 10:14:49 2016 BRT <uluyac@uluyac-note-ubuntu>
# name: m_a_teste
# type: matrix
# rows: 1
# columns: 100
 0.5 0.8494791666666666 0.92734375 0.9604166666666666 0.9630208333333335 0.965625 0.9671874999999999 0.9755208333333334 0.9765625 0.9833333333333332 0.9846354166666667 0.9859374999999998 0.982552083333333 0.9851562500000002 0.9890625000000002 0.9895833333333336 0.98515625 0.9859375 0.9893229166666666 0.9890624999999998 0.9908854166666664 0.9911458333333334 0.9890625 0.9903645833333332 0.9924479166666667 0.9934895833333333 0.9963541666666668 0.99609375 0.9976562499999998 0.9992187500000002 0.9994791666666666 0.9994791666666666 1 0.9994791666666666 0.9994791666666666 0.9994791666666666 1 1 1 0.9997395833333332 0.9994791666666668 0.9997395833333332 0.9997395833333332 0.9997395833333332 0.9994791666666666 1 1 1 1 0.9997395833333333 0.9997395833333332 1 1 1 1 1 1 0.9997395833333333 1 1 1 1 1 1 1 1 1 1 1 1 1 1 1 1 1 1 1 1 1 1 1 1 1 1 1 1 1 1 1 1 1 1 1 1 1 1 1 1 1 1


