# Created by Octave 3.8.2, Fri Apr 17 18:51:00 2015 BRT <uluyac@uluyac-linux-note>
# name: Metricas
# type: matrix
# rows: 72
# columns: 6
 0.01569087718131783 0.01448799378713597 0.01764490573622596 0.001949558650394675 0.0007156024241370991 0.001525149217041308
 0.01256243802478483 0.01107835321451219 0.0142056447304088 0.001959399337961818 0.0008150188405219054 0.00140733754371952
 0.01110639855125205 0.004794608906949034 0.008009972952260969 0.004236248687883418 0.001533846614825117 0.007371371232290884
 0.01054659914953156 0.009971493578502933 0.01195462492709892 0.001988864374319069 0.00106031867165541 0.002288935241998326
 0.007483012147121685 0.002906436782582456 0.006882182717093438 0.004978533584992784 0.0187425223501365 0.007236882087205939
 0.006814524611747058 0.001826123894089272 0.006534695761307546 0.0001825928560481491 0.0002287244578924409 0.0001845424186467917
 0.006328542550076995 0.002474961028443367 0.007779746815266345 0.000153476105817675 0.0001946523513310671 0.000148358989326029
 0.01636570020801182 0.01189682324435442 0.01204838929916496 0.007889884995837317 0.001500208953009815 0.003803329222334416
 0.01190494136583782 0.01061842045340374 0.01199936563611848 0.001347959558365963 0.0005921137521004738 0.001029263033755922
 0.01184055581752731 0.01047510755486765 0.01322799492554911 0.0007666479824582294 0.0004882155163669133 0.000674132790268645
 0.01133073106735584 0.0125114520029086 0.0121244049784105 0.001562241278573526 0.0006310810721215653 0.001307405575410939
 0.01138980383295742 0.01008490250519106 0.01251330376171133 0.001243907365628328 0.000501248057861311 0.0009586313625489171
 0.01874961862435141 0.0124007960635431 0.01834944615630531 0.003592925752485808 0.001110074752187761 0.002032685972763977
 0.01407455615181427 0.01363599516953684 0.01342936224949685 0.0006967924748668597 0.0003440446289689021 0.000524320301727663
 0.01223574249053867 0.0132765574232601 0.01211953918449669 0.001639581917789871 0.0005392626861435739 0.001287931199276397
 0.008391449426867578 0.006690801761973941 0.01018241573311476 0.003352380678550804 0.001269880779936636 0.002361357954204692
 0.00843803987235444 0.00157753430773778 0.007682238871636195 0.02414346989760994 0.01019903906286638 0.02327479475578104
 0.00683455505812344 0.002377486960301153 0.007842314730869158 0.01992564423330528 0.01917954878094748 0.02009995360529018
 0.01116936364943821 0.01017132978189926 0.0110405994510283 0.001026692844947261 0.0003933730621428941 0.0007614355695227669
 0.01144876064987595 0.01108201865867547 0.01179206106473066 0.0007794074446219825 0.0002546998128177158 0.0004630874664308273
 0.01254451662467071 0.01257337061674288 0.01382717597158357 0.0008053544013753243 0.0002935043879749788 0.0005964398126201171
 0.01218247391349652 0.01213223840169311 0.01296819344923594 0.001079190220369485 0.0003562832973342737 0.0006779597079420361
 0.01535729525943702 0.01294005808528776 0.01525977853215838 0.0006962753963136968 0.0003552881515519614 0.0005504997417518816
 0.01227493450330479 0.009736770349989413 0.01183853584989189 0.000576033575824915 0.000246601150354731 0.0003926099759802227
 0.01712151918635282 0.001370884965291623 0.01482236389201786 0.002761477099885308 0.003374951476422919 0.003213395428841739
 0.01069576896127572 0.005203737663015555 0.01007815375328614 0.01734659075716347 0.01754507559713282 0.01896759254113155
 0.007923984633669941 0.002394367579294907 0.007169392488598713 0.01833787026641366 0.01825587792208094 0.02035117101040655
 0.00846648822779868 0.001816361972154923 0.007976654157618824 0.02456705054573081 0.01268380057578552 0.02298197464261181
 0.007664073635920354 0.002210572599442577 0.007084847726829876 0.01387421301783888 0.02322644905783785 0.02086350457105108
 0.006934785391754383 0.002372308003742011 0.006007471761125103 0.01568378980637863 0.02058027039575424 0.0223058844673675
 0.007736882074820877 0.001937987695998762 0.007924383419209629 0.01867336336137061 0.01963862769839415 0.01958993075095495
 0.006509871955366841 0.002232869395554221 0.00679283708885125 0.02138752001561682 0.01923420929125941 0.02203802334999097
 0.01302542499635084 0.0130303027280027 0.01222409813666084 0.0009141780365651353 0.0003458288919504171 0.0005820243908839924
 0.0118557816985212 0.01196765799751783 0.01145850003449933 0.0005784225113843377 0.0002119521078273505 0.0004737031583165956
 0.01212731626805079 0.01192242497450421 0.01207885960979038 0.001210041737493171 0.000336430191725308 0.0008471610432382974
 0.01107979395227886 0.009805070283522864 0.01151297444606858 0.001361528998773286 0.0002603120941450167 0.0008737153244393942
 0.01096656819411253 0.002590408815070342 0.01050855554577119 0.004032744702447269 0.006198345851242898 0.004424482675033721
 0.00913359461342326 0.003023866493997658 0.008641902511130345 0.01395397447415955 0.01836890744235957 0.01039682119100421
 0.009954654697069614 0.002960858069798669 0.00851133478769524 0.01631065015007088 0.01891555043136676 0.01925964302607678
 0.006368458526642099 0.002664399789811596 0.006920703827207005 0.02311078495396492 0.02219813435311724 0.02161038208999142
 0.008574627059640624 0.002940066656424368 0.009792821043202327 0.01976777150738496 0.01625576704626879 0.01948457180533456
 0.0077575589646388 0.002085469865316469 0.007738082474246132 0.02135693298740226 0.02008535410777631 0.0182435512095974
 0.007772444716478266 0.00211417578015389 0.007582619335007566 0.01646241342228047 0.02336208158441033 0.01573252649788737
 0.008599555701766848 0.0030228184243673 0.008020510887026492 0.02236558660818198 0.02117690986034635 0.01920589095309483
 0.01298472356391079 0.01304065744741886 0.01341670315872826 0.0007867635728409049 0.0002350844287277341 0.0004619548541753141
 0.01048444088583659 0.01011251734731891 0.01146100765402272 0.0008947267335725797 0.0003328013244969142 0.0007786335272818405
 0.01170387040106752 0.01254407815413846 0.01293051665021752 0.0008339995056911499 0.0002280629533698449 0.0005325348885978022
 0.01706617932196785 0.0112634390084752 0.01522820614710203 0.002203261286576685 0.001499241369321675 0.001795629422245798
 0.02220506726412858 0.009540216176650908 0.02333246542408499 0.003070706644951615 0.003629752015799209 0.002984283815723885
 0.0140588327843129 0.01361310057201312 0.01491280459068461 0.0005775061234324762 0.0002899155083448353 0.0004875572680978305
 0.01178489737034605 0.01086425308046208 0.01218031008427593 0.0004781524767773305 0.0001909241225490518 0.0003969184717027251
 0.0141747507361348 0.01245814655884367 0.01619320409862683 0.0006788693499033739 0.0002095668571327317 0.0005094454931044446
 0.01065757800674418 0.009551833159786872 0.01082284945843442 0.001335451914666934 0.0002834308554481519 0.0007326578946557022
 0.01214205803240136 0.0101749040472041 0.01224689598628092 0.000971408405790756 0.0002558075758773038 0.0005631742011327747
 0.01238987340937877 0.01059756001754729 0.01184479193009164 0.0007361088085538739 0.00026154341823459 0.0004984191136599267
 0.009667219724507344 0.009348262592000877 0.00942273852009611 0.0008986098110734668 0.0001818309807047754 0.0007365515165553357
 0.01142867964710193 0.01147279631933187 0.01403459008920551 0.0009570349805034357 0.0003195653952756137 0.0006544357426424032
 0.009497327573027485 0.01124974832781192 0.01150796452404912 0.001128254476850565 0.0002683751229564071 0.0007898043306403567
 0.01191657228493236 0.01118955239770035 0.01249487153825477 0.0005792119811597998 0.0001816337518142639 0.0004715217622992059
 0.01176279043963199 0.009246029445314139 0.01119549993747338 0.0007251813587911037 0.0002124772125316189 0.0005588789598295708
 0.02524688477726333 0.01261009927039756 0.02417853225775897 0.003069609434813255 0.003096770763010068 0.003124555578686774
 0.0165940594290209 0.01391346242773638 0.01737354727105894 0.002473387339583564 0.000997859027822091 0.001959909758237502
