# Created by Octave 3.8.2, Fri Apr 17 17:46:25 2015 BRT <uluyac@uluyac-linux-note>
# name: Metricas
# type: matrix
# rows: 18
# columns: 6
 0.01391228704805792 0.009192114501062103 0.01340292526929801 0.0005340893845588305 7.908250241756858e-05 0.0002868445632931873
 0.01443870653817342 0.008985708889312502 0.01430096269947098 0.000733219516556671 0.000178414418901737 0.0006096091138115428
 0.001963973224670464 0.0008878748437382338 0.002110567468253293 0.01657782041167268 0.01309286644776403 0.01541768907770368
 0.02260440065547919 0.0136545671786245 0.02098384315707479 0.0002170821355948657 6.975710988416708e-05 0.0002793246559370383
 0.002004640030458923 0.000631566222337848 0.001833290330025648 0.02122263456430541 0.01902640422958416 0.01831201239953955
 0.01869010140131373 0.01150246801540035 0.01955751359643403 0.000163497942207771 4.825230963894724e-05 0.0001678849903122171
 0.002144570525361201 0.0007069944950954073 0.002227012268866769 0.005809412725626838 0.006225412064263572 0.007891574928356362
 0.01753766958163787 0.01026951271700684 0.01728756368343582 0.0002330190960821158 5.423047293083059e-05 0.0002291001921986293
 0.02532339239702977 0.01368633014113372 0.02436151700860799 0.0001011004801350606 3.103315855020946e-05 0.0001101746878580932
 0.001995770285902031 0.0006022533026050645 0.001828164297182828 0.0232933885856666 0.01909479559352926 0.01534194648252879
 0.01962117429821777 0.01135360133030323 0.01959987502465598 0.000143535458636035 4.068666711491891e-05 0.0001486098710670547
 0.02183847447878117 0.01239415244692415 0.02118162185462821 0.0001311006691720859 4.287935011594547e-05 0.0001346985980048799
 0.01846230998781125 0.01100117934861485 0.01766996946231812 0.0004842954963033524 0.0001482352535208185 0.0004636813093201216
 0.01830620155285514 0.01088860474287302 0.02019595451906288 0.0001218790324457335 3.114146773891394e-05 0.0001172478653286954
 0.01571484135706694 0.01049307721506352 0.01850640770782628 0.000117068148162637 3.08347597336367e-05 0.000114623400579404
 0.02260337847328602 0.01351948843737811 0.02218222715975707 7.975649030780125e-05 2.6401501254284e-05 7.937897330429992e-05
 0.001880715968738907 0.00065735306115311 0.001871967579674553 0.01628679602671709 0.01333387319181818 0.01882022518457386
 0.02020208689738778 0.01329014958284304 0.0210614471604947 5.828576873454424e-05 2.302226302621305e-05 6.115904709882049e-05


# name: saida
# type: matrix
# rows: 1
# columns: 18
 0 0 1 0 1 0 1 0 0 1 0 0 0 0 0 0 1 0


# name: etiquetas
# type: matrix
# rows: 1
# columns: 18
 0 0 1 0 1 0 1 0 0 1 0 0 0 0 0 0 1 0


# name: acuracia
# type: scalar
1


