# Created by Octave 3.8.2, Fri Apr 17 17:50:47 2015 BRT <uluyac@uluyac-linux-note>
# name: Metricas
# type: matrix
# rows: 18
# columns: 6
 0.002838173119177115 0.0005742537115063238 0.002527491549485014 0.004891345175924299 0.007194836731345363 0.006003642258698972
 0.001696320521132415 0.0005542906997088424 0.001804230161480845 0.01909247379873586 0.01126610076505083 0.02287454402704263
 0.01046397774343494 0.008637208760385208 0.007464010361083845 0.0002168062200189091 0.0002729404748053881 0.0007670682620116432
 0.01476753400054616 0.01364087048367331 0.01184570525133232 8.171502395385664e-05 7.065684094103174e-05 0.0001507337335684969
 0.01303360285174486 0.01279281184148091 0.01099669812797958 5.487714329132952e-05 5.518445176881393e-05 0.0001001024204767391
 0.002516447423025211 0.0005863907025562711 0.002171234030336033 0.01548201173414993 0.01147913067462614 0.01499169529036363
 0.01235042084580047 0.01191344307995226 0.01299914008255516 0.0001177958212829338 8.949204473717749e-05 0.0001963349755570759
 0.002289907382841736 0.0009562321265184566 0.002114182821755209 0.01386682205029321 0.01280749367401886 0.0186886823556705
 0.01392273423655709 0.01368026235311682 0.01398276532988744 3.801196453346143e-05 3.14635965864193e-05 6.940061325360014e-05
 0.01096302756750297 0.0111233982409758 0.0101166429348854 4.717771014517944e-05 4.296350912571106e-05 9.748674699796424e-05
 0.01329657126551351 0.01135556342712443 0.01066387801620172 5.88984632277819e-05 4.124100916335213e-05 0.0001017422687930122
 0.002098009595663043 0.0005528084142749628 0.002032739034724193 0.007642955342533822 0.01642399040887824 0.01737144022994435
 0.01257998696631956 0.01098293950480491 0.01301009916625627 0.0004331474155310943 0.000152370499990042 0.0003345592014486067
 0.01180832315663023 0.01083169739057318 0.01183238694697377 4.926558693310785e-05 3.149710723701851e-05 6.433807382312451e-05
 0.00913499178038921 0.01044822953752233 0.01142783657525098 4.791244274641389e-05 3.111188405111505e-05 5.600131994292988e-05
 0.01111299933396508 0.01380898121924436 0.01219941400641983 4.484458038137326e-05 2.652738123637398e-05 5.315353125792043e-05
 0.01291878204015586 0.01618951453864719 0.01327987199687889 6.956771765869703e-05 3.307272897415356e-05 6.855565718795703e-05
 0.01254828791612608 0.01383555238002477 0.01146685771684141 3.759086489993473e-05 2.304252571906314e-05 4.656806272059761e-05


# name: saida
# type: matrix
# rows: 1
# columns: 18
 1 1 0 0 0 1 0 1 0 0 0 1 0 0 0 0 0 0


# name: etiquetas
# type: matrix
# rows: 1
# columns: 18
 1 1 0 0 0 1 0 1 0 0 0 1 0 0 0 0 0 0


# name: acuracia
# type: scalar
1


