# Created by Octave 3.8.2, Fri Jan 09 16:01:27 2015 BRT <uluyac@uluyac-linux-note>
# name: Base_dados_em_interpolacao
# type: matrix
# rows: 520
# columns: 7
 0 0.05530050188571634 0.002580521188002061 0.06017307616897565 0.005685062873463423 0.00301192714720492 0.00559340419247462
 0 0.04486062418702386 0.002477611387933618 0.04471211216920772 0.002883653118579866 0.004050605665346992 0.00288826402214892
 0 0.04248637519307081 0.002163609478509997 0.04649334153849809 0.002816700912431814 0.00408552078211422 0.002847225014993496
 0 0.05092200655107485 0.001979600006717812 0.04630016581293445 0.002859016563448218 0.003596856291382941 0.002821320055692799
 0 0.04263551776060482 0.002278980179497432 0.04466917475415843 0.002839617308931854 0.003953460587120259 0.00285675202499265
 0 0.05115424044674279 0.002285851239508067 0.04653454865636232 0.002917274573355378 0.004128073876292642 0.002904129321150881
 0 0.05188699643822434 0.00259866224050441 0.04687002999085989 0.002927035333659535 0.003738964395025883 0.002912853555824437
 0 0.05966479560429243 0.002160434197769858 0.05575121496690028 0.002891073822536532 0.003979742777016841 0.002907266180790546
 0 0.06619001185922711 0.002121227608996008 0.06258785656837305 0.002907647133465951 0.004255463310830541 0.002920825567624812
 0 0.04905787049222293 0.003137996397163066 0.05624408908448639 0.002833552336464018 0.004098847817012747 0.002841938837371557
 0 0.05217277433192933 0.002466868531529273 0.05159617795630143 0.002885848948026673 0.003949000571795394 0.002867503574073714
 0 0.04388600379661351 0.001873772300657408 0.05478207302490053 0.002861669884944979 0.004424763755509893 0.002889378363482871
 0 0.04316898122233496 0.002188905635547352 0.03837592595879862 0.002849232133067872 0.0038322298559979 0.002861340843672469
 0 0.04178061608174098 0.002795386058077856 0.04166440517149493 0.002746280160554635 0.004238160357623279 0.002825036951481746
 0 0.02169387237793451 0.002467757903993956 0.02294394399504469 0.002806146889985821 0.00575454382931691 0.002755464694547481
 0 0.02486432640459538 0.00290821249274959 0.02636929515250195 0.002886935048168567 0.004484105115880479 0.002898792591230475
 0 0.02386552089971112 0.001864909173164516 0.02653871465459187 0.002451266967973299 0.003891761900338556 0.002693279418671063
 0 0.02474369844203195 0.002428159756145859 0.02615776226001904 0.002830746590106565 0.005103252393463492 0.002764146396624459
 0 0.02359589370106122 0.001739312149377655 0.02422464107289772 0.002561040494063936 0.004180072524210886 0.002539798892208067
 0 0.02394920988172385 0.00305273071872413 0.02568635508930061 0.002609662996138351 0.005374226541406789 0.002742027647807957
 0 0.01656343584406199 0.00229135708521588 0.01755885929522603 0.00265272722250756 0.004436911991552706 0.002646422563802075
 0 0.01654741433523199 0.002037575174007769 0.01846207519548441 0.002754312160835263 0.004325978385506992 0.002789956868787128
 0 0.01345648910326265 0.001796334550031386 0.01457701082375537 0.003111286862133555 0.005761459616527535 0.002818893157912998
 0 0.01172291694443786 0.002221594553774137 0.01298556278846844 0.00305135450138813 0.006805319404475194 0.003326658697262252
 0 0.0108370114644665 0.001863461033555896 0.01107026632090776 0.003625418739433402 0.005828941081420019 0.003424194738305486
 0 0.01409590523900232 0.001779818515004577 0.01549133087657913 0.003107683376359507 0.004148782924078016 0.00435918710553891
 0 0.04035641067670088 0.001198071314495505 0.04215824257808666 0.002858513329948027 0.002890879562380354 0.002856487990661806
 0 0.00793836718861379 0.002436389192396879 0.007533505376357983 0.00745296233776319 0.008326037238365301 0.009447679072234448
 0 0.006671477884735486 0.001100080620423414 0.005276896548412671 0.02780791938554314 0.02749385174908607 0.03142387620695269
 0 0.007094605535600545 0.001678845351178789 0.006632375196764602 0.003039063287942629 0.004837084268585605 0.002413785422970524
 0 0.006938167677422934 0.001082584552717251 0.006470885453130135 0.002576126006287196 0.004470790535875684 0.003650897172618721
 0 0.006796416899569816 0.002204573226152833 0.00664158787443915 0.005076854010008214 0.004320191483434944 0.003497073682605295
 0 0.006260983053840054 0.001370360954818836 0.007385902104872113 0.002369265404276081 0.002482820874164263 0.001920063232083033
 0 0.005836552557632431 0.001700081785311288 0.005595029354531125 0.005723200650283545 0.008766540086086003 0.009248796741370044
 0 0.006390862457334189 0.001481999923906726 0.006472095889621042 0.004051848275703318 0.003042897899278828 0.003471958753201409
 0 0.007458183076800621 0.001895025492005953 0.007295634366889283 0.002565360266452934 0.003035981221437276 0.004679402170897467
 0 0.006136941670265464 0.00168536469089652 0.006955358634297482 0.00384029808479722 0.004626317758363916 0.003758507992837428
 0 0.006323979356736892 0.001532388623175002 0.006161566090810673 0.003365289568011243 0.004074279546499871 0.003616285629063725
 0 0.00674366256790497 0.001425441480482353 0.00649249444423084 0.009771819485174074 0.007967441954788154 0.008362920089666164
 0 0.008934850063438415 0.002373809838614089 0.007810369868836329 0.01034599373503155 0.009288949908109067 0.008740186809144073
 0 0.006614710404103687 0.002195900024173214 0.006301132036186282 0.01576860170381064 0.01739869438477872 0.01744681102638635
 0 0.006977902525984615 0.002021209890331536 0.00647869487856565 0.0102764973625972 0.009050263395845564 0.008473411055586088
 0 0.00744865478024305 0.001845483810015853 0.007655783345431907 0.006947645381100064 0.006703624545319065 0.006192469606065107
 0 0.005840909355124871 0.001863324913160611 0.006337444407194442 0.009891122030027056 0.007568239910965119 0.008621644228548697
 0 0.006465436618523771 0.002053135483394364 0.006312087413573766 0.007293879185321934 0.007453870224548374 0.007503061870738237
 0 0.006448005065722814 0.002009093867301064 0.007455238533661497 0.00772712158001874 0.008734582348834024 0.008588461581047089
 0 0.007077308403962502 0.002039968519889155 0.007622492144439491 0.005992312921432124 0.005929385493535144 0.00619776006109022
 0 0.00726037616761285 0.001994813245242498 0.007309250136879082 0.004931321452569763 0.005713054033346926 0.005509996637719215
 0 0.006672240276806417 0.001321150616450712 0.007542941002274047 0.007275055129969302 0.007198651980742454 0.007887620550559717
 0 0.006974560008204951 0.001523348120991166 0.007403447590537324 0.005135004604221957 0.004973665338009634 0.005627046133081838
 0 0.007454630071556554 0.002002677585981806 0.006760653584566584 0.00949985943524384 0.008567046363887061 0.009966540287607562
 0 0.01108058216812981 0.002214781600342519 0.01184350984807733 0.003604720469208711 0.00349616187066021 0.003662569685868177
 0 0.03395145554029682 0.0010026754156152 0.03059189640702771 0.003019039572287466 0.003105637799901016 0.003090067370720948
 0 0.006796182365320681 0.00188075490285971 0.007425636939633333 0.02542154356477138 0.03302919225762251 0.02910811915862555
 0 0.005969150114404433 0.001818715520963244 0.005383993648245705 0.02598886851518567 0.01994104721769792 0.028254142671416
 0 0.006680857977800058 0.002108905795738921 0.006956374378277035 0.02270968066981961 0.01759764426842556 0.01613777346007521
 0 0.007392740952615428 0.00251029233165228 0.008448050266088336 0.01913061773349823 0.02086203777044376 0.01990235448876244
 0 0.005765668228546987 0.001565029794148046 0.00552699762126854 0.001288335058514416 0.001426652559285842 0.001141186091319237
 0 0.006796921276021315 0.001805949476460678 0.006264148519832656 0.004862212626495076 0.003740224637159994 0.007410927033215662
 0 0.004498350217149579 0.002434770744573958 0.005175361263588693 0.03158030851708495 0.03690687604018063 0.02759631266231171
 0 0.006132257309197212 0.0008861391555555523 0.00595831775739373 0.01334069326163767 0.01132130626595856 0.01005533097862188
