# Created by Octave 3.8.2, Fri Apr 17 16:27:01 2015 BRT <uluyac@uluyac-linux-note>
# name: Dados_treinamento
# type: matrix
# rows: 192
# columns: 7
 1 0.002572540453398961 0.0003497278449634824 0.002520326187818205 0.003435191536428305 0.003401701595692609 0.003504862535868021
 0 0.00349705420520535 0.0003900681295275408 0.004445480624555071 0.008153043318362281 0.01701187382167382 0.009712980948347414
 0 0.004349443325638493 0.000593945284880636 0.004215281935825057 0.001725285789125055 0.01771064242024127 0.001257479855999027
 1 0.00148187930200109 0.0005005131738628373 0.001677691438104202 0.01497696151798446 0.01873693504454445 0.01913056737729298
 1 0.002273335681269454 0.0004282286430707455 0.001521479998141354 0.0119258097059102 0.01664248172522674 0.01688345516747283
 1 0.00160443754314164 0.0004498184905543019 0.001614856642889168 0.01733207242784859 0.02077911583593043 0.0165279965741068
 0 0.006553192455847035 0.002381882092557039 0.005770708502841439 0.000836387822239264 0.001237567034246493 0.0009972195572606969
 0 0.003766926343704889 0.001977401317166158 0.00424657389867324 0.002760083096510368 0.0008417297277939588 0.003772809850356854
 1 0.002165369397328532 0.0003327025998456064 0.002153667537274035 0.01817592282699342 0.01337340070734123 0.01795394529074624
 0 0.003428604673687424 0.0008636410570855485 0.003437879772800041 0.0006731836772270391 0.01989442378027598 0.0006508119454102539
 0 0.007324770970883681 0.001496074849137005 0.005874553241530486 0.0008355869847236216 0.005239891367039429 0.001354771728529261
 0 0.004068865683523261 0.001364386965972058 0.005127299381468328 0.00176613570053967 0.002153010246997376 0.002037819169252723
 1 0.002424200941268739 0.0005736510490648111 0.002386016339213418 0.004068529339324759 0.003979146029789449 0.003966765400910641
 1 0.001595267162759359 0.0004940792364137788 0.001723499024135413 0.01106830679656155 0.01066861759681127 0.01293215297423111
 1 0.00202999721884785 0.0004792184928000419 0.002060829116924159 0.01374069230788335 0.01566194194548952 0.01596569235251306
 1 0.001823012574661454 0.0005616323340236705 0.001959633598605393 0.01392403982951486 0.01438711430453325 0.01517211366456054
 1 0.001748659875900065 0.0006023884111205977 0.001963384953673933 0.01862847700463972 0.01819834623487045 0.01900944376560584
 1 0.001349464983748452 0.0004643281454405965 0.001256490996895507 0.01788954621869118 0.01891127299507686 0.01862479831153434
 1 0.001698764836473244 0.0004553792795511821 0.001536087425066513 0.01719752766117131 0.02093102738774993 0.01775814235780592
 0 0.004052272526397512 0.0007634946369123597 0.003846078197324283 0.0008582636093431844 0.02118967003540737 0.0007740563069185881
 0 0.004077604812382319 0.001582666984144556 0.003411577239287427 0.0002294912927549154 0.0004687134714008248 0.0002628677518366814
 0 0.006925928842271389 0.001680083486117063 0.004869529994860756 0.0005092873011546887 0.001520865553390423 0.0006657069244546027
 1 0.001490879374602635 0.0005230617127137136 0.001493422534800306 0.01017759049846448 0.01349561693451663 0.01389031146677576
 1 0.001705434120299601 0.0003981669839181637 0.001561468391735398 0.02544699727885213 0.0210816130544264 0.02194776916616084
 1 0.002078259352836849 0.0006919440107211781 0.001842400680643217 0.01194090755470831 0.02017107135624661 0.01885264634623684
 1 0.00145258147264063 0.0004380783110011824 0.001391994087946005 0.009174641888341927 0.00924090303239985 0.008631759430304493
 1 0.001931492049274797 0.000499980462524748 0.001897553651199249 0.01677935464720761 0.01709966531253487 0.01801055893290597
 1 0.001673337576852964 0.0004102798220376142 0.001580388222857638 0.01166244824778964 0.01472132708415261 0.01696192255226133
 0 0.004920222495900899 0.0009696389144687395 0.004380637338865534 0.0005567161202085869 0.0007734901740353577 0.0008145700948178692
 0 0.003420457411464873 0.001048373010337829 0.003125306435768524 0.00480981519235684 0.01609748172649871 0.00615597721078261
 0 0.005365894069031703 0.003702625623739107 0.005142903458229027 0.0002404614519074993 0.0003242601009996106 0.0002685389725304436
 1 0.001770314111292074 0.0005172559546016604 0.001803111805949236 0.01616227811984633 0.01880977625996636 0.01725321868633992
 0 0.003529541909827888 0.001771672672741227 0.00380598226870462 0.001125190824069516 0.0007958832402567326 0.001463732465276711
 0 0.003187022017237326 0.0007711903176156933 0.00285237531747606 0.00307179396000177 0.01736786875935035 0.003761408561344337
 0 0.005348052744350621 0.001559294030074497 0.004433078115787997 0.0003292423300050369 0.001116083420441031 0.0004558125279447083
 1 0.001832634535395173 0.0005330284898056516 0.001750849061958935 0.01877738596946684 0.01660538059887845 0.01952519711348476
 0 0.005587606197181693 0.0005406147581010013 0.006126176543209441 0.0006401873252722014 0.02137892327297375 0.0005805663043691846
 1 0.001936755942154879 0.0004972317634474367 0.002204062832655477 0.01663243254656329 0.01970111540106445 0.01740959876671747
 0 0.007378815341877328 0.003913726094761016 0.006773377045715831 0.0001858689893009462 0.0003168182670610834 0.0002002059511907024
 1 0.001800793253219278 0.000351282430366566 0.00184234451372013 0.01841288354641827 0.01858148119222599 0.01667613586886791
 1 0.001793314870957135 0.0006115215407826457 0.001766512806390361 0.01600491576595416 0.01581275871996731 0.01742280331494391
 0 0.003505981448616871 0.001248977647010469 0.00321582156645164 0.001091930200249443 0.001417803678281957 0.001184654225630959
 1 0.002653042920160971 0.001092295457309589 0.001690091381753207 0.01891583869166339 0.01627641992693236 0.02167398728591681
 1 0.001944797774183602 0.0007828064215002814 0.001869347586988748 0.01548484990320578 0.01773863385439161 0.01420248548845651
 0 0.00371074053391705 0.0004982342327012753 0.004316343122412176 0.002351210322037085 0.01916157421102211 0.002092779699333903
 1 0.003018747219317501 0.0006942409725209101 0.00301996022162185 0.003436739901317829 0.003110853873215049 0.003048210353722322
 0 0.002978569343013092 0.0006196871658201053 0.003027992110426603 0.003241214950709391 0.002995437368935757 0.001640102215422962
 0 0.004066615989637578 0.0008684467209033912 0.004099141457152614 0.001883696855511183 0.0007137806165478714 0.0005056763499045106
 1 0.002645071287497359 0.001338745077902139 0.00263182027848263 0.01465937194401351 0.01112890123438207 0.0115544389405635
 0 0.005558367037888213 0.002071773666082325 0.004230487576491103 0.0001697404469655805 0.0003339564591377043 0.0001907984822323688
 1 0.001919486244437838 0.0005916346907239741 0.002217756489895649 0.01863072603942366 0.01807728046646439 0.0170313552609076
 1 0.002088899328384682 0.0005684463606906059 0.00220351591816819 0.01588575937698966 0.01675997746825948 0.01358842367948604
 0 0.004933485318230284 0.00214292058706527 0.004680110525363597 0.0002678003459639176 0.0006054302547735725 0.0002797014809807077
 1 0.001355830059213519 0.0004540441676709574 0.001515488021468858 0.01504815353333673 0.01469902776606533 0.01448768017459352
 0 0.00433306819839314 0.000917129942828015 0.004496240671111597 0.001475268758446995 0.01224179253693406 0.000480183902399263
 0 0.003081711702342048 0.0004869030484386707 0.003134476947808123 0.005755745289322452 0.01828362130389822 0.003150681941763069
 1 0.001585553498462801 0.0005094161330664272 0.001617811537386815 0.01170275194519577 0.01122023833079511 0.01174456771041009
 1 0.002214826455692847 0.0005063221094249176 0.002801433923722697 0.01951339344080994 0.0170183698506354 0.01708142769385045
 1 0.002026809357440723 0.0006061216900585682 0.002267870057792599 0.02169852068832612 0.02297882317421956 0.01876388654165125
 1 0.001983583643493762 0.0007005462424767327 0.001909732071216603 0.0194488576545364 0.01879208738812164 0.01949467270434154
 0 0.00445118858910884 0.002938031018335429 0.004802914629590848 0.0003262734171399118 0.0004296470709022897 0.0003446222215530094
