# Created by Octave 3.8.2, Fri Apr 17 16:27:01 2015 BRT <uluyac@uluyac-linux-note>
# name: Dados_teste
# type: matrix
# rows: 48
# columns: 7
 1 0.002026809357440723 0.0006061216900585682 0.002267870057792599 0.02169852068832612 0.02297882317421956 0.01876388654165125
 0 0.003526591489084213 0.001058352271277477 0.00351337858239396 0.004972344896607995 0.01815120639023901 0.00492182823517037
 1 0.002424200941268739 0.0005736510490648111 0.002386016339213418 0.004068529339324759 0.003979146029789449 0.003966765400910641
 1 0.001587461080009123 0.000405416881963411 0.001550693529659758 0.01660033084638483 0.01667568119015424 0.01785513158120919
 1 0.002653042920160971 0.001092295457309589 0.001690091381753207 0.01891583869166339 0.01627641992693236 0.02167398728591681
 1 0.001875148642347994 0.000548944850921968 0.00181398869130285 0.0209580326037805 0.01842160524658517 0.02080618220680102
 1 0.001770314111292074 0.0005172559546016604 0.001803111805949236 0.01616227811984633 0.01880977625996636 0.01725321868633992
 0 0.004084438868328766 0.00125109873434994 0.003592809336540876 0.002657400747948422 0.01621702637733179 0.002759800543364681
 0 0.004346421615361622 0.001633948980274733 0.005449254465140927 0.0001878607368831751 0.0003344142034244996 0.0001710956778913333
 0 0.003499503389530929 0.0008529711376224885 0.004019001350844883 0.002007892003864681 0.01421066459762961 0.0008686695562234253
 0 0.003505981448616871 0.001248977647010469 0.00321582156645164 0.001091930200249443 0.001417803678281957 0.001184654225630959
 1 0.001944797774183602 0.0007828064215002814 0.001869347586988748 0.01548484990320578 0.01773863385439161 0.01420248548845651
 1 0.001672337388946066 0.0004343399067348531 0.001983057204630891 0.01729647716278079 0.018582302829561 0.01792334595081046
 1 0.001899298377474405 0.0003083131332784008 0.0019182939992171 0.01502595504207117 0.01490914385895948 0.01438269013319562
 0 0.005283185338681952 0.001240109779448088 0.004305090363618256 0.0002022974827302351 0.000439538650105082 0.0002158996936795644
 0 0.004802329609638759 0.002175266270928132 0.004376971468404881 0.0002848753832063525 0.0007136186080670624 0.0003644809339982811
 1 0.002091224062359033 0.0004322153247379747 0.001922486905232431 0.0163089904036027 0.01675381366847678 0.01663568708860561
 1 0.001843014689538361 0.0005889258906908957 0.001766471757830637 0.01412643407177635 0.01434957852194419 0.01233107392087961
 0 0.004920222495900899 0.0009696389144687395 0.004380637338865534 0.0005567161202085869 0.0007734901740353577 0.0008145700948178692
 1 0.001705434120299601 0.0003981669839181637 0.001561468391735398 0.02544699727885213 0.0210816130544264 0.02194776916616084
 1 0.001895737115776044 0.0005998590032644576 0.001902603748618752 0.01921500675320954 0.02279101334298771 0.02038681051871211
 0 0.00372677158217201 0.001510622680437572 0.003453026734861038 0.0009022553599095312 0.001254102307255543 0.001173829817820519
 0 0.004657132070173674 0.002484642594635119 0.004213842980618319 0.0002429127177714206 0.0004850416744774055 0.0002467006868635982
 0 0.006925928842271389 0.001680083486117063 0.004869529994860756 0.0005092873011546887 0.001520865553390423 0.0006657069244546027
 0 0.004603845442860376 0.001892248300856208 0.004211441638570864 0.0006476364647518205 0.001355103743725669 0.00113257898191794
 0 0.00349705420520535 0.0003900681295275408 0.004445480624555071 0.008153043318362281 0.01701187382167382 0.009712980948347414
 1 0.002059519084098312 0.0005105281411832437 0.001749769152625173 0.01702873255142054 0.01803195340719379 0.02203695504632013
 0 0.004250827782313661 0.0007792779799926608 0.003945788383522583 0.003682470116812352 0.008700887664100524 0.001967861199388796
 0 0.005558367037888213 0.002071773666082325 0.004230487576491103 0.0001697404469655805 0.0003339564591377043 0.0001907984822323688
 1 0.002031296550997638 0.0006442031089263645 0.001724063261810718 0.01166637098252878 0.008012245278961426 0.01044022684268572
 0 0.004596874641417469 0.002623248973869725 0.004372477551979972 0.0004220129465117244 0.000732017402744833 0.0005723542656011371
 1 0.002106926267394746 0.0006658044429369956 0.00228993616450069 0.01908894643130996 0.01918562325028246 0.01625710793272329
 0 0.00611715403311282 0.00256336279137979 0.005730257600639053 0.0001711976454915213 0.0002879106136726778 0.0001909053615841645
 1 0.002165328394746934 0.0006665457667303626 0.0020146529715194 0.01294654027584805 0.01991524276679391 0.01968404410716193
 1 0.001736632197650628 0.0006043252129940922 0.001742108895197048 0.01670215238924158 0.01496894812022989 0.01717071392663134
 0 0.004355815125212204 0.001022591448268652 0.003901199363996759 0.002020935281825072 0.006180867272517699 0.003661862992755067
 0 0.003428604673687424 0.0008636410570855485 0.003437879772800041 0.0006731836772270391 0.01989442378027598 0.0006508119454102539
 0 0.003748723628222466 0.001920165581978425 0.00449575659877966 0.002477073080696463 0.004047740080033213 0.001411174783792177
 1 0.002214826455692847 0.0005063221094249176 0.002801433923722697 0.01951339344080994 0.0170183698506354 0.01708142769385045
 1 0.00160443754314164 0.0004498184905543019 0.001614856642889168 0.01733207242784859 0.02077911583593043 0.0165279965741068
 0 0.003081711702342048 0.0004869030484386707 0.003134476947808123 0.005755745289322452 0.01828362130389822 0.003150681941763069
 0 0.003838319418712091 0.0008883668394694321 0.004067281631167052 0.00562025264357328 0.01144346242809988 0.003428827276634945
 1 0.001761375866848632 0.000556655658276585 0.001938255847550633 0.01311825864856562 0.01301577047731176 0.01813983535242342
 0 0.002881144222982746 0.0009229150862792257 0.003302935307310077 0.003744460914555445 0.003110161052682217 0.001800304743876824
 1 0.001800793253219278 0.000351282430366566 0.00184234451372013 0.01841288354641827 0.01858148119222599 0.01667613586886791
 1 0.001715445128455992 0.0004361698550254497 0.001652648225880783 0.02044534191277689 0.02065440422287783 0.02103677126030491
 0 0.004429646397054898 0.001285704927714678 0.00421966452220424 0.002099949585929841 0.004023967111516742 0.002277916830970066
 1 0.002019957370932755 0.0004412526250065619 0.002049240158800693 0.0109349776074841 0.01063594747503378 0.01401875688014305


