# Created by Octave 4.0.1, Wed Apr 20 07:01:50 2016 BRT <uluyac@uluyac-desktop-ubuntu>
# name: Dados_teste
# type: matrix
# rows: 74
# columns: 7
 1 0.0004463873408675385 0.000187152946429382 0.000395836240535941 0.01855060911209242 0.01454596826903345 0.01578282706035795
 0 0.0008723453981324572 0.0004985831521528227 0.0008227996742198622 0.0006896932666986842 0.0006338464778228728 0.0007001169187036786
 0 0.0005085619563642014 0.0002185091770807524 0.0005705421523099363 0.000619913603940481 0.0006602239439186249 0.0006671426606394969
 1 0.0001755008839560952 4.27766192345987e-05 0.0002106351274450197 0.0168947336091168 0.01361647448791743 0.0161315262597514
 1 0.0003950694461629123 0.0001420607711636183 0.0004722684290587591 0.02010469772807348 0.01836657033630663 0.01899874213814042
 1 0.006694559555848269 1.640925625399852e-05 0.01943439047819892 0.0007292255932389 0.0007334389581779137 0.0007331085859523702
 0 0.0004001856393575825 0.0001053327143612904 0.0003870524753587773 0.0002287105245639739 0.0002210434329107707 0.0002573013574624242
 1 0.005486053309070518 0.0001088077872314498 0.006593244309460606 0.0007119693340972395 0.0007287076923601767 0.0007281132822952128
 0 0.0003906817255763528 8.066896866861184e-05 0.0006345750895050148 0.002269045837003037 0.002670728508504024 0.002673010727937655
 1 0.0004881726366281144 0.0001337517670060555 0.0004160112978986694 0.01637531558748459 0.01509875285392617 0.01709316665617542
 1 0.0004419135050622613 0.0001126093998628565 0.009502984052591623 0.07806337042393552 0.001441203592829107 0.001428497412206961
 0 0.000504238425091366 0.0001953847559990541 0.0005206528086817193 0.0005999313422831688 0.0005873655348331736 0.0006551485550334696
 1 0.0003052438812070404 0.0001381854807445448 0.0004463491212463887 0.0147534824449467 0.01772548614942384 0.01480886286495414
 0 0.0006538114530278239 0.0003352822070839716 0.0006166723245148584 0.0008835831539686522 0.0007757279439363857 0.0008176994208751003
 0 0.0005306728707126747 0.0001423553507001323 0.000472889418662813 0.0006540573982876211 0.0006133907106841087 0.000679471837772149
 1 0.0004238383874875759 0.0001349276876410366 0.0003532500190256534 0.01725114762129688 0.01633408323200836 0.01549562509371074
 0 0.0004616147880885795 0.0001234767405450259 0.0004680198216596751 0.0001467297039147477 0.0001374383029182088 0.0001546032601753612
 0 0.0004952227890901872 0.0001782519695900467 0.0004814989466178723 0.0007525363323430548 0.0006711992496317427 0.0008382590383032991
 0 0.0004997679256134453 0.0002899962191337544 0.0005490801566785646 0.0006223467022606503 0.0005874355664976208 0.0006794628155539971
 0 0.0003826945543671779 0.0001032190046947952 0.0004001158998723242 0.0005446082682316433 0.0005297495148588868 0.0006219055257579113
 0 0.0005501711868001911 0.0002558060839889017 0.0005758959018786938 0.0005555571086242184 0.000538591762001944 0.0006151699631331517
 0 0.0006850140964427363 0.0003474941538743972 0.0006205618430969825 0.0005604360087955313 0.0005375840294259582 0.0005802947475907038
 0 0.0004751551367037196 0.0002661752619278512 0.0005314945241164384 0.000732630739907046 0.0007313287627191011 0.000805314524571568
 1 0.0110480326250517 0.0001019150223822051 0.0108688235476739 0.001450156493361654 0.00145422835685618 0.0007313997137039817
 0 0.000438508367053627 0.0001895836695387587 0.0004083576502460308 0.0006602324851408996 0.0006535995645177104 0.0007034084636903795
 0 0.0005946210194346586 0.00026250894420344 0.0005877256186209806 0.003675009530865587 0.004252611770201771 0.004808432728688304
 1 0.0005039610527330105 0.000137330943076769 0.0005261798619645565 0.01624596333853996 0.01666939240227565 0.01319714427652185
 0 0.0006299063832581157 0.0002914777075590898 0.0006231974784091127 0.000493456968720534 0.0004706649071129239 0.0005044937123822377
 1 0.00557723060959933 0.0001243901284983861 0.006220173888686716 0.0007251704091507351 0.0007200387015640066 0.0007254928516520888
 0 0.0004479308976847689 0.0001635399690082478 0.0003802709362231009 0.0006145190380733111 0.0006140714872779298 0.0006792923311698197
 1 0.0003280550172252643 0.0001087284884593647 0.0004403237937410654 0.01404204984873306 0.01606408553503036 0.01588028348845486
 1 0.0003887519056657063 0.0001564142908535904 0.0004404236664238783 0.01757997307506954 0.01884080778953841 0.01770825074709587
 0 0.0004244143274195449 8.458560086598361e-05 0.0004191057586609165 0.0002472252549019229 0.0002419984830134968 0.0002625992047887646
 0 0.0005144659391558424 0.0001714038479700026 0.0004977041173908831 0.0007035293431109571 0.0006529953880203902 0.0007196205565082253
 1 0.0004470425632471152 0.0002402567232950458 0.00045892333931907 0.02361170202960204 0.02003879429736646 0.01997695013477149
 0 0.0009445399494796035 0.000644678506434603 0.0008594068436239514 0.0005612467830873973 0.0005611782966401171 0.0006375171870422425
 1 0.0004078358637833123 0.0001402446063051495 0.0004985584825132836 0.01910931562645635 0.01595905679021691 0.01883910969837808
 0 0.0005912459060989839 0.0002478995262671034 0.0005949550491141809 0.000625659840694899 0.0005745136523296437 0.0005618818299618479
 1 0.0006711414335540617 0.0001433392731034494 0.0004338484413501704 0.03467717931296315 0.01788733259661764 0.01926396585979033
 0 0.0004489559385238276 0.0001601752526102256 0.0004271417556317788 0.0006898386093059265 0.0006622789931875318 0.0007805467377086175
 1 0.0004360058119981555 0.0001573226395663095 0.0005084435617707851 0.01979417097570767 0.01911460506747711 0.01923751806000002
 1 0.0005000930750999532 0.0001920909243154695 0.000484644254664895 0.01799364839787402 0.01422189741592263 0.01721505373746511
 1 0.003648191391885306 0.0001224766556264605 0.006038133778238882 0.0007253761091595204 0.0007219797502748665 0.000728356260880061
 1 0.007293407816882686 8.890439871148185e-05 0.008925703115578554 0.001437860678992922 0.001402187504758978 0.001430365370495124
 0 0.0005093285728158593 0.0001037201483369732 0.0004797924793336861 0.0007221737931313379 0.0007165633359143151 0.000725239135299727
 1 0.0006607217867038215 0.000215258815029336 0.0004824975959182615 0.06799571680341823 0.01307996554422174 0.01716098358719368
 0 0.0004914838817648216 0.000184968216211052 0.0004566598207942569 0.0007076619143762921 0.0006725543258188396 0.0007569372365774817
 1 0.001824324321596876 0.0001769955499516937 0.002322568236092177 0.0007814203798375507 0.0007913823442820397 0.000730950107445091
 1 0.0004831332259237877 0.0001445110964320107 0.0005151472910587625 0.01449027226870393 0.01392139004631172 0.0154380308148457
 1 0.0004477098843084 0.0001390516183841938 0.000371182463717465 0.01537371102166851 0.01907733969253231 0.01834077845649329
 1 0.0005655129014019574 0.0001153565419315042 0.0005438838185402986 0.01539921775998538 0.01800553299716753 0.02047023189136352
 1 0.0004849595981550434 0.0001816772593328099 0.0005168637283227372 0.01633087689898239 0.01581288428019885 0.01730916293331648
 0 0.0005040641070245205 0.0002118713113748433 0.0004771163055920148 0.000556932013891213 0.0005485053342860368 0.0006197596571583178
 1 0.0004955184523907886 0.0001223636282141192 0.000473325115522763 0.01721842771366812 0.01739661753160347 0.01609764283427711
 0 0.0006142277589555289 0.0003033329233137484 0.0005618200622297087 0.0005322861024139685 0.0005195459719627813 0.0006187839924597194
 0 0.000468621934844703 0.0001809501582064918 0.000494646752171175 0.000588213421399828 0.000556690523714604 0.0006169922218828361
 1 0.004161036673039709 0.0001089113443853031 0.005876012545858298 0.0007167460296500835 0.0007276403815673448 0.0007204798537465448
 0 0.0004472996461730246 0.0001099816969391029 0.0004175193489580446 0.0002454346214170294 0.0002430397328394579 0.0002597847477282823
 1 0.0004419135050622613 9.334674958657107e-05 0.01013248639458179 0.07806337042393548 0.001450326603713614 0.001439535579211618
