# Created by Octave 4.0.1, Wed Apr 20 07:01:50 2016 BRT <uluyac@uluyac-desktop-ubuntu>
# name: m_a_treinamento
# type: matrix
# rows: 1
# columns: 2
 0.9965986394557828 0.9969387755102044


