# Created by Octave 4.0.1, Wed Apr 20 07:01:50 2016 BRT <uluyac@uluyac-desktop-ubuntu>
# name: m_a_teste
# type: matrix
# rows: 1
# columns: 2
 0.9966216216216216 0.9993243243243244


