# Created by Octave 4.0.0, Mon Apr 11 13:10:11 2016 BRT <uluyac@uluyac-note-ubuntu>
# name: NumberofInputNeurons
# type: scalar
6


# name: NumberofOutputNeurons
# type: scalar
2


# name: InputWeight
# type: matrix
# rows: 100
# columns: 6
 -0.2545443336367118 0.1213317430243275 0.02697830704518234 0.6121889282243334 -0.3578357683193097 -0.3863482607866878
 0.3282434715498654 0.07704854392872162 -0.05021342680622431 0.192468238078132 0.7907730045105081 -0.3086541017680348
 0.3569797069087157 -0.416264508251187 -0.08301096285291354 0.6895341191762467 -0.7242351933191612 0.04606662817525087
 0.08018504317013808 -0.7705006633905155 -0.001605244869577471 -0.1656391993536589 0.948119098542364 0.4878448116898864
 0.06480479249262427 0.8902746004633568 0.6622334725607857 0.3173196219109971 0.4644676862278954 -0.7916410132028201
 -0.03333464943385211 0.1333195417230957 -0.4718461879165362 -0.6667490237122223 0.1225100722442056 -0.1306768074598738
 0.7608795415009919 0.3861477630306522 -0.2944659417364158 -0.6473945932456425 -0.2414282820693728 0.889811774502818
 -0.2996925754843335 0.5426523796227098 -0.1040564842679707 0.07519101553121055 0.5584550572318772 0.1606897085210031
 0.2096777810414598 -0.07641271466628707 0.1221470967171068 -0.3484135479188967 -0.8451124029907836 0.802929895220887
 0.8118082876639945 0.5084864050187783 0.5293549322789393 0.374766325528272 -0.2301263002043376 0.8423527356769198
 0.2312918663042893 -0.4025614597589625 0.08036420509073672 0.2596365643399905 0.6195577317392684 -0.3439516898875813
 0.752790795409936 -0.5975282541616437 -0.0401685264302446 -0.4584372295347118 0.1493066511921226 -0.09677387234835211
 0.5037976840686027 -0.08299019129822682 -0.7122863475857889 0.7780717255254264 -0.8854274535131651 0.9934909218098047
 -0.8471939865965762 0.3966549925072531 0.03925416249284619 -0.2311186877806172 0.6257214630047816 0.6106531952542615
 0.1038349850315419 -0.7037653254566606 -0.8763999323457544 0.05935010789961548 0.8805365989368978 0.05133715914752512
 0.2973884957888759 0.4641772350376561 0.2646414663254553 0.1620801995188634 0.3114108233994697 -0.191458986566262
 0.3924281586236886 -0.5019615200994273 -0.8486759169233845 0.8953720852394909 0.3968301346465783 -0.1201837225797081
 0.124599367675631 -0.6074164735399415 -0.1713880895468768 0.264053143055542 -0.9941542080406817 0.9500511712817385
 0.9870656525582657 0.91926188686001 0.7174337635930077 0.7613048493193879 0.8037619934729388 0.06308340893688369
 0.2458652468396105 0.4813035629083071 0.4086384450978378 0.9422315322334724 0.100686465520589 -0.393374791875016
 0.9787560430909406 -0.5374695096447722 0.5033403600318815 -0.1356744528080046 0.5354226572420979 -0.2178046870783187
 -0.622580966293249 0.7844090692017505 -0.8608573960691374 0.3675826101481872 -0.9780484045446726 0.317172142713781
 -0.6442785270433123 -0.09640135565574315 -0.6695501009161876 0.7461468925950066 -0.6112652188075539 0.347893361794257
 -0.2426232031219192 0.637232484360218 0.7789271128997755 -0.633246217157201 -0.897587055427325 -0.5839746840208017
 -0.6192113772979441 0.9949133098867149 -0.4738119894616525 0.01763053869011721 0.9166545375167716 -0.484585465708362
 -0.1136676205743455 0.5905168623291759 0.8706037913711688 -0.6152490614866967 -0.4672226289240474 -0.2342790288764899
 0.6109955044429036 0.4311263300955301 -0.5483637439993617 -0.9144021598983606 0.2077365727906397 0.9463328263468631
 -0.3234971758236137 0.7217869811204991 -0.4245246105137638 -0.8431478895324754 -0.1249918248411251 -0.136905774225449
 -0.6795431147119185 0.04574781338479905 0.4537960205687497 0.3992258419161103 0.7716663838762838 0.7341666267306322
 0.8125932529280959 -0.01413973336466479 -0.3300586898406309 -0.7037224979485964 0.1128795885300249 -0.007866191030608927
 -0.5387046741115044 0.6381412710183763 0.581059533886036 0.757489418577598 -0.8075955374953571 -0.6777683426106801
 -0.1477984966080553 -0.6970395577938474 -0.8360683407778772 -0.00772601126602257 0.06787293831999675 -0.4408246592391235
 0.7095983247349011 0.2845528499646568 0.1335952198454486 -0.1152749709010666 -0.08171997654252061 0.7000055667713774
 -0.4818505049946572 0.4824271310751436 -0.9816181192579835 0.07799426729629766 0.1965398391029629 0.8481239667281648
 -0.3569894998984998 0.63672319034404 0.2741819392565847 0.6380492806941271 0.1826039574129874 -0.9776666197387068
 0.1701605258190404 0.4282394772824838 0.3974663414115456 -0.05325730076854651 -0.184770944368671 -0.5721438633201738
 0.6015935006460975 -0.6728278789452279 0.7392084438531319 -0.4120627721734716 0.311885696923305 -0.6413837073567376
 0.1482107841671896 0.3143623079804527 -0.4224270902136843 0.5798956773568564 0.3907896483454194 0.8081602310460454
 0.7904670649423211 -0.5896445672772127 -0.5585714925324566 -0.7778772879464301 0.168963184434197 0.9469975577635421
 0.8284475147377957 -0.4350214355382315 -0.5449926590221216 -0.7538960681192325 0.09695158202065657 -0.07692425096001598
 0.800419547029958 0.3582377160509187 -0.4727242026727382 0.4867583248080218 0.657552856997673 0.956495509300394
 0.01633762120495752 0.1799759297391192 0.9249375376611624 -0.2773913927522828 -0.3134651448566613 -0.588520584134765
 0.7769666912140885 0.1163462152803363 0.992685075746214 -0.8284360817843927 -0.3113575243820951 -0.2642040783104554
 0.5070699986837961 0.8902890465578068 -0.8010036277605207 -0.8201178697972714 -0.8892997398884389 0.1702057924055327
 0.9608596908152154 -0.5218705709239585 -0.8136062796491671 -0.6685627869475815 -0.3866979277966841 0.8012704616393951
 0.2847708803945317 0.1911750576150979 -0.9757236471522958 0.7191979536653486 -0.7706286377221571 0.04769685049545647
 0.8024983069263525 -0.2748845495921862 -0.3580107561392082 0.05480512733463883 0.6278136990743099 -0.3732588190220488
 0.2099786477365626 -0.1781660552488998 -0.4164352583022258 -0.8593748528884914 0.152728760207762 0.5280669645904836
 -0.2310836696765574 0.3690007100991681 0.3718609583336356 0.2988244897604855 0.3184766896085263 -0.310878840785472
 0.2702695792810623 0.01761653141177977 -0.1705370404350671 -0.6304255799412285 -0.3818257588965571 0.3247116932399012
 0.4093036322255745 0.3167813485950375 -0.9958197170267703 -0.8333352090430991 -0.5526290234768573 -0.8216107865820165
 0.3504751139771178 0.8786139546670539 0.4684876886039393 -0.5731141405002135 -0.1124947957971741 -0.08778082816771737
 0.708091590354742 -0.4918032533307947 0.09978334453860449 -0.2459072812080793 -0.7242880619234832 0.8938297404059607
 -0.7094642669936194 0.4626569764824029 -0.3317948176924229 -0.4230390578873903 0.6784176910374329 0.5309595213294269
 -0.8939190380394343 0.6762824839723791 0.795939230925601 0.5075870018015485 0.268316773030477 0.7374060994225102
 0.3278875545975672 0.3329617972313277 0.09564921809159443 -0.3691626860167249 0.7586942428724563 0.8657591222364125
 0.3920580814220089 0.3839350198959388 -0.020710502253244 -0.2447861441608065 0.2792374498267858 -0.05055658631994231
 0.6763057461515218 -0.2801586460114417 0.5493107907588246 0.482143774323416 0.296658600037325 0.6469222456132313
 0.6932883511478425 -0.5806614410477206 -0.6855586560964931 0.3362526868220892 -0.7610954223026186 -0.1151575129277674
 -0.801689968000067 -0.6657254100134745 0.9281288948740432 -0.1826406750060195 -0.9757473310496806 -0.06185386347254951
 -0.6726354826578876 -0.2570561587101904 0.2292859259930995 0.1996278499648858 0.5977649992722964 0.1021792044182728
 -0.3970873485810885 -0.803353943493276 -0.2166047686165037 -0.7831177115524371 -0.8241685629905507 -0.07824520507512622
 -0.7620503980857248 -0.475765230830325 0.8564867081781533 0.7539442092853288 -0.7687226990538013 0.5500157361552072
 -0.3958139285027998 0.1651394609495227 0.06555655210115829 -0.8716475648294685 0.03092962766748775 0.5667586496778088
 -0.1130640208061432 -0.8714502362942146 -0.1049576778949054 0.1396854653682513 -0.05445224654891911 -0.7863900933635094
