# Created by Octave 4.0.1, Wed Apr 20 07:01:50 2016 BRT <uluyac@uluyac-desktop-ubuntu>
# name: output
# type: matrix
# rows: 1
# columns: 74
 1 0 0 1 1 1 0 1 0 1 1 0 1 0 0 1 0 0 0 0 0 0 0 1 0 0 1 0 1 0 1 1 0 0 1 0 1 0 1 0 1 1 1 1 0 1 0 1 1 1 1 1 0 1 0 0 1 0 1 1 0 0 1 0 1 0 0 0 0 1 1 1 1 0


# name: targets
# type: matrix
# rows: 1
# columns: 74
 1 0 0 1 1 1 0 1 0 1 1 0 1 0 0 1 0 0 0 0 0 0 0 1 0 0 1 0 1 0 1 1 0 0 1 0 1 0 1 0 1 1 1 1 0 1 0 1 1 1 1 1 0 1 0 0 1 0 1 1 0 0 1 0 1 0 0 0 0 1 1 1 1 0


