# Created by Octave 4.0.0, Mon Apr 11 13:21:23 2016 BRT <uluyac@uluyac-note-ubuntu>
# name: NumberofInputNeurons
# type: scalar
6


# name: NumberofOutputNeurons
# type: scalar
2


# name: InputWeight
# type: matrix
# rows: 100
# columns: 6
 -0.3496819884111332 0.7328025984710773 -0.4182534873289944 0.886372474086349 0.5387874102146384 0.4916055418742131
 -0.8229679774853357 -0.3851021589420321 -0.5593906135142307 -0.3043410232339846 0.4612895281848766 0.2552781193949936
 0.08478975343819761 -0.07894735641768713 0.4488427094142258 0.5194264461107208 -0.9745181495871836 0.3614879743598387
 0.02278757827365685 -0.1683180454845835 0.6689474183812409 0.6598444034726381 -0.3939716767240197 -0.6611109401707834
 0.2178793539864654 -0.3067794972188956 0.3806239862710985 0.2313288818467558 0.4244072622104336 -0.2247562910627535
 0.8978984334018791 -0.6888662626754422 -0.8673460902006697 -0.8066393416972647 -0.713831057541699 0.01867188458259728
 -0.423155908714128 -0.8147698257749353 -0.2622658844384042 -0.6105806328313058 0.4532715277341548 -0.1386202768637578
 -0.4527480466371759 0.6091988165996418 0.835951389901 0.5352604503530936 0.9728442150014036 -0.06449025929203278
 0.5573078966824638 0.04981326714562728 0.1948549362394796 -0.902130195693179 -0.4241047542669846 -0.05849474259079168
 0.4080112544766825 0.3636254055311896 0.1960733563014305 -0.04411415956571363 -0.6400718114680225 0.8234262506996519
 -0.2301259064108704 0.6562984618880612 -0.8959804141272486 0.937576351466398 -0.2411599080729959 0.7036332694189256
 0.9635717664622276 0.4248932369023692 -0.4827384490503356 -0.2505117808650416 -0.02906800356912809 0.8535827280181005
 0.4541569160433792 -0.9257808216368121 0.1968701876818033 0.9618057015438781 -0.2806556087011739 -0.1103076866242364
 0.4646293416279188 0.3880837791495431 0.3395669470142573 0.2058664762868483 0.9427132308185018 -0.834752640797736
 0.1060538436825946 0.5170693268631852 0.1817036509529375 -0.3161619489514375 -0.0523690889516063 0.5092921668962309
 0.7564207036353421 0.5147237337581163 -0.7087938394849679 -0.175600537943822 -0.6800811304438913 -0.4350249904224665
 0.5832465133166336 0.4299828603862317 0.6219571328067457 0.4504645437285637 0.6939521208712065 -0.3587085313944581
 -0.5558270002422437 -0.1130291623399126 -0.2749135057527633 -0.6698192384975529 0.9085913260130829 0.07645313500673656
 -0.7626124417376862 0.7361183121141719 -0.4512573395702172 0.98443990451422 -0.425566982146332 -0.511854630798143
 0.08996600324485238 0.8662541814072091 0.4717483804134353 -0.6461063907299743 -0.6622867368913842 -0.3691489824834874
 0.06128940510336167 0.6132845653221974 -0.05723485484193469 0.1415906161357898 0.5974341873692772 -0.8149047456227779
 -0.1732551555188427 -0.7047766259914873 0.3896607279663478 0.9140315234961027 0.1557232641367781 -0.1252079454546823
 -0.5150529734361667 -0.09719061960762632 -0.9053504941004064 -0.7394690109862524 0.3259688647303043 -0.09944855984714918
 -0.6492654849575262 0.9472924495624737 0.8664180435261297 0.9606090547032706 -0.2074055633475042 -0.2762988573781898
 0.8966850464407685 0.1125287386468534 0.5806590138428593 0.8802090334364359 0.8516263605846084 0.4010023467826747
 0.9838543802619564 -0.1609161856654714 0.8204955388578976 -0.8592834442311245 -0.02820288668857052 0.8317559269160189
 -0.4104303356357603 -0.6186420112218082 0.6777305517494219 -0.8252742361560558 0.6525014231032609 0.7273046957041878
 0.9601622880708973 0.3967640468637954 0.7781701739903097 0.5743043878478988 0.7209209990182546 0.1397772367493979
 -0.5364143330354759 -0.6488354455656399 -0.6246614873395157 -0.8990822172585941 0.8841324761240026 -0.2676632100541917
 -0.3793960243538267 0.85938220392923 -0.5298754427828632 -0.8690845214605233 0.6069023137032168 -0.3381568920805825
 0.232372398650712 -0.5283760961135541 -0.08549458938619792 0.6883942519227615 -0.1303207769388631 0.8414169292025047
 -0.3037903918522912 -0.0860012365304218 -0.2308451124108778 0.7682648500403013 -0.4087437330847813 -0.08688802741067636
 -0.6693900877305102 -0.9707157768887055 -0.2540464856047423 -0.8526315013593478 0.5108622274027852 0.5310607268802998
 -0.01439392645476889 0.4994568685513767 0.4085774154867432 0.5029062374382172 0.2946354502979296 0.6076269261317933
 0.4156439844797513 -0.5277800841639108 0.1268584462779134 -0.9974506116851672 0.3743619004915757 0.9293161289019642
 -0.4345466260676697 0.07506686185776235 0.4541718352026525 -0.9283814158579266 0.4372736806714412 -0.1311344373033999
 0.9124680522534701 0.9671237850291998 -0.8579267479125249 -0.8295499879423199 -0.57040590267747 0.9702917948031846
 -0.2245194233360209 -0.8137293805183262 0.03790756547434726 -0.117757279265941 -0.8871300371255065 0.8534593555377492
 0.04205820166499841 -0.7605226868377829 -0.8343400855384112 0.1663553569333229 0.7349211082820302 -0.0338477895599002
 -0.6167990574126027 -0.008062536465008985 0.0240536144795418 -0.113718533464313 -0.6834260570790699 0.9656669977837191
 -0.9215478909300138 -0.6596654368538551 0.1006403150085788 0.7439000883534332 -0.6956854837814489 -0.3603196472981679
 -0.7346526634911023 -0.9610585024282469 0.7674841380372637 -0.2063979715791512 -0.3393947790424195 -0.1022523908273109
 -0.6640445865761816 0.1079072388281104 0.4148331524829147 -0.6389923084950623 0.9776658762313999 -0.4917997691422494
 -0.8287875639317414 0.1634335955938899 -0.457432443935455 0.2571689912542343 -0.6481415070948416 0.8676890803996804
 0.8103931546560501 -0.4637374753251645 0.06844471415211806 -0.2426064629755328 -0.01266156646792849 0.3302169185470631
 0.9470482567947944 -0.5430391882211755 0.8942319899727922 0.4097995529903011 -0.2790651999280557 -0.3904361071515797
 -0.1672197868327977 0.6312877117710654 0.8482801486241121 -0.7721291108498382 0.9801339189420815 0.7540994304215149
 0.8181675962196633 -0.2825598966779023 -0.162864317511297 0.6592162045133709 -0.1238983679818054 -0.7603824519070402
 0.2346879117811267 -0.01646097006286806 -0.4414430720157229 -0.3231294160369097 -0.1380456719152617 0.4319477870982362
 -0.9212454098819561 0.9147806249409094 0.07737802760815193 0.8790253970201476 -0.1878109768776844 -0.1393625174895109
 0.04620211155810772 -0.9693091555927557 0.7062292729227186 0.3876477392465703 0.2983361617925686 0.08536549469081578
 -0.1566288274655919 -0.6081899974967427 0.6596883502489712 0.2877267852203322 0.236729718508375 -0.4612009107600797
 0.1337559279097775 0.489287317108992 0.0166653487173396 -0.6313630333496777 0.02153851690924391 -0.02967281533968291
 0.8164629876167615 -0.8616035561901495 0.7412977761811088 -0.2809497681481673 -0.08955360594971962 -0.9636064975599917
 0.6960057310930254 0.04506857952922738 -0.9875949752268712 -0.9551344257430524 0.2123154551454753 0.7562147373208417
 -0.9866885675975595 0.2660365697356282 0.227778080205161 -0.1431717761189787 0.9327597136553254 0.8163922904690828
 0.7273624447915579 -0.2910806401614509 0.8682646267790404 -0.4833180154002085 0.8223562937965891 -0.3501780383556162
 0.7790167650466338 -0.4587173274350714 0.7633739260144423 -0.327078785098739 -0.2254489428676568 0.740061736930312
 0.8479581035288608 -0.8425829547969753 0.08676723812509657 -0.833353171192747 -0.3754738221165498 -0.1936458463468088
 0.5545706359389957 0.326242333085849 -0.5743541450461452 -0.8021758560644193 0.8878126448506167 0.5677962820408726
 -0.3116077035258319 -0.7264530672029942 0.1548248119050943 0.7332385017024556 -0.4977707669596333 0.9544496402531204
 -0.9918320925145273 -0.3785592791752462 0.06702965290313445 -0.5151354745528419 0.5409588925897311 0.09558164214893572
 0.968113425285015 -0.5500026523283675 -0.954926272547803 -0.2484181441196506 0.9830256736312586 -0.46948067674834
 -0.484126661337079 -0.719071425301213 -0.7876730358676224 0.8932633394611151 -0.4916861765295625 -0.07822257051329162
 -0.302012330872517 0.7843451578129432 -0.1481347614508822 -0.6939787123185525 -0.3200639889837441 0.6713211611438592
