# Created by Octave 4.0.0, Wed Feb 24 15:43:43 2016 BRT <uluyac@uluyac-note-ubuntu>
# name: NumberofInputNeurons
# type: scalar
6


# name: NumberofOutputNeurons
# type: scalar
2


# name: InputWeight
# type: matrix
# rows: 100
# columns: 6
 -0.1829072237281576 -0.1561357930262347 -0.4572186007939451 -0.3596440914693114 0.6012529952251424 0.5433529053167248
 -0.4426029377104631 -0.901542336790298 -0.116728496203201 -0.4544586245021259 -0.01099034285437106 -0.6151077766007355
 0.5269410711792852 0.9297042166283165 -0.2158667855778814 -0.02021357827244341 0.273881224905524 -0.7698453895356071
 0.6994773921081034 -0.6002127579948916 -0.4608834711570519 0.5344917851301791 -0.4660337302079417 -0.5570297754977606
 0.807296451168106 0.7138131906039136 -0.3901563309696946 0.02463196875057405 0.6570963966314542 0.5653669436410818
 -0.2207547291994719 0.9752513301628833 -0.1333371920731906 0.7689048465759241 -0.1982580809824438 -0.5296489305844417
 -0.8163082847465527 0.2135866073331165 -0.4338652160459436 0.04405700719396588 0.1796929146512809 0.4123688956082201
 -0.3122026316333814 -0.1356280173898049 0.6264626960784143 0.1853071252277547 -0.9955245366389268 0.2548460776674979
 -0.5599483443242289 -0.5773101959227828 0.3950171295528455 -0.1285750522164907 -0.2555041749438088 0.3700098254763733
 0.8395525856717239 -0.6656379593391696 -0.2495794580168283 0.9487698370652731 -0.727065033604852 -0.4357069721900014
 -0.8910809182509162 0.955257987299305 0.02594045059547767 -0.2530354521610735 -0.7410195073089302 -0.4304933201627553
 -0.5574048789570593 0.2879108451203154 -0.2101708496592346 -0.8556877736846168 -0.7661487982633847 -0.4439256939222825
 0.7372014707741141 -0.6134260824542718 -0.3033996654958199 0.5865307758221228 0.5276950441881845 -0.4974471293955504
 -0.8340938652746109 -0.1161727608930866 0.66832622672119 0.6479812892566044 0.9249273107985168 -0.09391168015292639
 0.9011117139748199 0.3875469114575039 -0.0189261495462606 -0.8448248833066087 0.6662316396633812 0.3016532436102073
 -0.7277967475182762 -0.8002285550847034 0.02055662901460975 0.7882297148660691 0.73174024762879 -0.6464424697085686
 0.9963698667756364 0.5326769555645363 0.07540369216559539 -0.9131379968349193 -0.8928027879254145 0.3113810519736937
 0.08198893588792289 0.9019320887870452 0.8067299790704339 -0.7646561144911331 0.2580622707215015 0.04381004712514036
 -0.2126962258965693 0.3973223679237698 -0.7613360566896278 0.0983694029418809 -0.3206928245573079 -0.5921168046154904
 0.1009072020613848 -0.4133021790039563 0.3492734216899613 0.04659139905078513 0.1166580060518978 0.01525519119977559
 0.6314538540042314 -0.9673558683784195 -0.05890727987044608 0.8315973496365265 -0.5545630582249134 -0.7181511499607592
 0.8550494656518119 -0.3317444673486959 -0.569482492951351 -0.8442586083705207 -0.4442979934342891 -0.9685572262781764
 0.4275664909455588 0.9450190517390435 0.405464018690604 -0.902106300020778 -0.9671617843531174 -0.1869260278528554
 -0.5348662606329543 -0.4330661253139275 -0.6830102017058314 0.5583300886050779 0.7324803485238582 0.5261330739872929
 0.81098848399955 0.9819510376079097 0.7720259710334245 -0.5099453730256535 -0.7400937013073045 0.6326259071005411
 0.5705442617133287 0.657514691317252 -0.3448803575720086 0.5349124602301365 0.1065266727993066 0.5180417040854948
 -0.9336928479136412 0.608284956046911 -0.9738465783519773 0.4491321228091056 -0.08825804833719075 -0.6238175426827631
 -0.2324821553318982 0.2862589706355929 0.1224657668488207 -0.1679374808313442 -0.70420847920713 -0.4543161990780996
 -0.3371590225740583 0.3300965972062144 0.7847187368443669 0.2932657535319472 0.2782360980748149 0.8854690506364462
 0.3523330162032396 -0.5376271275207848 0.09391442201484601 0.344342052161545 0.7725898370507152 0.7702125609017492
 0.9320666621359068 0.5712536385170541 -0.9047584683107645 0.5007760674877659 0.4782494898312974 -0.8203417692125853
 0.5891283022030602 -0.7796496752891294 -0.4832672457939068 -0.4042216290795032 0.3969890769119262 0.8908820443966707
 -0.3636350570760386 -0.4677038899990379 0.177567199333696 -0.6802922658834117 -0.3489041278076347 0.5699003257890274
 -0.5925838610211814 0.2495256476410623 0.1278523267934577 -0.9889799102116626 0.5213909357160313 0.3335030559326655
 -0.3776980513997356 0.4515700823427218 -0.09931073595723794 -0.6331592889241972 0.9871291797974002 0.3493956804552287
 0.2948848665115305 -0.3862397517541872 0.5521955783761554 0.7630450695959519 -0.6402489670622321 -0.1504922444868776
 -0.3558477924200626 0.6201270847906815 -0.8665154638624936 0.5095076292711886 -0.6320165096495712 -0.255774138742305
 -0.4724227631688834 -0.00564252389924158 -0.1259196002840571 -0.4311019583737618 -0.7219499352342408 -0.4259413097540278
 -0.6205589980061771 -0.1088266791929725 0.4780910469942026 -0.3950607481256435 -0.5074673150537733 0.4477231311562269
 0.5196278959644658 0.09782236020294754 -0.5398975162701746 -0.2482763700966618 -0.2931874839315299 -0.921320747085017
 0.4369748704192262 0.8150180344558482 0.2913295326618719 -0.2556259220424463 0.2857056380072083 -0.2624974995123476
 -0.6717209189770997 -0.5339976321876979 0.6052699511335284 0.3262613808698602 -0.9313873320149705 0.091986612592734
 0.452116283959892 -0.2613114415630421 -0.9942399252661697 -0.6702876484794292 -0.1593579379777738 -0.9206813099763299
 0.901333978144272 0.02515925971254185 0.4522046244272075 0.7602633670068812 -0.5004111897245059 0.01152985554766062
 0.4307816524772508 0.0178229933867462 -0.498448736617885 0.09629653009349148 0.7107848472073857 0.1259355604555636
 -0.3708078477148488 -0.8882063230359011 0.2257508379048949 0.8058342994566812 0.9574932689914173 -0.04339473808216965
 0.7981613293939922 -0.4690036734016557 0.900069854034715 -0.9963790810245338 0.07925205505316746 -0.08089404251693766
 -0.8961131195908542 -0.2759789117063592 -0.9947386146642773 -0.5552210482922261 0.8553130275500824 0.2279076230821802
 -0.9686042149046751 -0.4591981040354777 -0.3855497967004321 0.0263982805941938 0.572031685557217 -0.6954636442616505
 -0.2133614841791395 0.524066789450778 -0.1275350540132171 0.4184160614257584 0.09393336219906057 -0.03814139786927406
 -0.007626968909156706 0.134055618156073 0.8600879623807975 -0.2314209349593433 0.4149023642983392 -0.06393257740109271
 0.8001789834780255 -0.09005342814411377 -0.4052018653308148 -0.7168871939402158 0.9504999104412823 0.1230658317297819
 -0.7906721163565679 -0.9688683493792712 0.3117610279508369 0.4180660796052966 -0.2315956895677146 -0.4252197349512731
 0.8999783251815425 -0.2692049062870249 -0.938076508527336 -0.6613475787533164 0.3211592874578488 0.8593408307192119
 -0.4201722479031217 -0.842867085640009 0.9017403312784085 -0.9767333604351119 0.8282183932746479 0.1400162312354396
 -0.73441037778875 -0.3719217858323701 -0.6471572351618032 0.3849839462470608 0.4489634798762385 0.7693188938618021
 0.2647435152884414 0.5939258636851252 -0.243316297724068 0.8870540530559372 0.837013598102154 0.6714172068202269
 0.6211828287664043 0.8780219502647664 -0.6637609546005246 0.2951468480294899 0.6689505042280979 0.2262689477857331
 0.4631366481107322 -0.4039193721391264 0.6605551974177333 0.2887522410767758 -0.93120342840646 -0.9128542493032267
 -0.9245218937999321 -0.3343489729776364 -0.1102251236672737 -0.4992467820751813 -0.5097146513121201 -0.03087745541617271
 0.5764043186868928 -0.8250102687819189 -0.6187659020815502 -0.4919684727206884 0.8413301383315657 0.3224490628024363
 -0.2669651783874375 0.5781972734123841 0.166279076754728 0.4115898644280982 0.8298997130063004 0.7636842175787901
 0.4058220516038513 -0.9971186266773041 0.7961281762348733 0.6806090492040888 0.947299225794229 -0.6888536526769898
 -0.8689527499552222 0.4074001107911471 0.6674553981306151 0.6548888166261235 0.1683514783795541 0.5733771430778427
 -0.247102729217605 0.1378075002880474 0.8915842927485929 -0.9969671902504641 0.7894652244118887 0.9077216062484135
