# Created by Octave 4.0.0, Sat Feb 27 14:14:53 2016 BRT <uluyac@uluyac-desktop-ubuntu>
# name: NumberofInputNeurons
# type: scalar
6


# name: NumberofOutputNeurons
# type: scalar
2


# name: InputWeight
# type: matrix
# rows: 100
# columns: 6
 0.7539900139438707 -0.7514873239164886 0.1222168194644837 -0.4461275466325182 0.1664378189179292 -0.4713121821704803
 0.8928937527606857 -0.2539608387975824 0.9244883234894046 -0.9189023742936112 -0.841584088608183 0.5590080595951725
 0.3930035588286918 0.1883405984321314 0.9556261565008066 0.7568452274612958 -0.4722270680060073 0.6125551665154294
 -0.7148362515161096 -0.4068938382272625 -0.3828094677369439 -0.6155120041253613 -0.6144352351789556 0.9096732232033695
 -0.4744220241908762 0.7373769468346953 -0.5309679740892607 0.5840190704111288 -0.7317536544420654 -0.179413561981237
 -0.53353734819496 -0.5879476647872944 -0.06956683225779814 -0.1554001064397145 0.937807029272941 0.1301575921499996
 -0.6877302099653123 0.4354112907304655 0.1104923269396023 0.01318504422604483 -0.3151144408609777 0.5335662567723412
 -0.710890737704463 -0.113243791931383 -0.5828534668693662 0.0786045590643929 0.4974324967606389 -0.8637687832311548
 0.1420391250734032 -0.8328363296745053 -0.5359831878126639 -0.03365325741980085 -0.9054239002851016 -0.8709330678024568
 0.3611838908548874 0.9001156240919446 -0.719924758095854 -0.6440766948913127 -0.8846785876755164 -0.8939619287423578
 0.7465737080936963 -0.8475735883834837 0.7973446660264871 -0.3491037320029721 -0.9228155526722325 0.1195783179677965
 -0.9030321384845378 -0.3072692400895124 -0.7632966174058137 0.4031076564647638 0.9829614278891592 -0.08917172857762778
 -0.701052034029182 -0.880804052023256 0.8393398962008913 0.6199512441827018 -0.6494086530109361 -0.7902768269075723
 0.8719121307630684 -0.5209007046117077 0.7153672863720828 -0.05687835227581883 0.5023034638491468 0.5785328166355994
 0.3484406925581198 -0.7984702735354451 -0.1022425728195232 0.6045013393157159 0.6562913559240537 -0.02563229717248039
 0.3424574756125205 0.2370893972125381 -0.8883079855754578 0.4587266246195549 0.5776840626153934 0.1162886874620466
 -0.02400495128800306 0.01337769125982469 -0.05289806967634159 0.3157069948353441 -0.04876118816329178 0.5289665021052883
 -0.7663637714422254 -0.336332293414137 -0.6044480542978655 0.4220838175348023 -0.5482317885631495 -0.5962228890431965
 -0.3616330729914196 -0.4240002495463605 0.1557094820381018 -0.676174789392246 -0.7189630801811547 0.245751288532343
 0.9951348202804142 0.395981478972149 -0.4078839929268231 -0.9732201151124688 0.01836549311739333 -0.3486002830009934
 -0.9304898668787461 -0.2437989962500596 -0.6330938215418905 -0.8291282830835175 -0.7280331532948973 0.8987145307354578
 0.2032332023406851 0.8845810221135049 -0.3928450022213504 -0.2771730694684452 -0.4232759765026782 0.460535274851853
 -0.5047211133086641 0.03942998074676174 0.9863748562754504 0.511573365067552 0.2338866926980601 0.3886679342103359
 0.5073634711156554 -0.2232519907579739 -0.9925101794046248 0.9948535882655472 0.5682550160115141 0.1682232141026507
 -0.1659251391169493 0.9529181614305853 -0.2520789260386228 0.3605577288992248 -0.3360480799610911 -0.376118097246369
 -0.9109515669156775 -0.150302050887014 -0.6621904224515204 0.3005040446355418 0.2421414378177109 0.05095200954194135
 -0.8297832861478186 -0.7336823994853 -0.8647861604332766 -0.728980715569736 -0.1445231662149115 0.927536566920506
 0.004350411614931105 0.3235670942860722 0.7607697594693283 0.8553053087168396 0.5474718006710919 0.5785579935214256
 -0.8615267091513773 -0.0941333902163205 0.8441310328980971 0.05653331023821151 0.6028772532491966 0.2099811862433603
 0.1335479869875615 -0.5309238148452372 0.7362067516497299 -0.3812859299355454 -0.3918290523011368 0.4637833514505902
 -0.1948122152698594 -0.5219010557061886 0.7944897361602328 -0.8610230894732881 0.5890586767367323 -0.9000296954581871
 -0.8039708996824263 0.6953983088618052 0.4444992017742795 0.222109036195939 0.8607097339522123 -0.172591421621472
 -0.7396440818694959 0.4983210043943282 -0.6038121873991734 0.4292746199030664 0.2945903619181929 -0.6118170388177481
 0.4637210336780708 -0.165656687068639 0.8441406322811051 -0.7641405277718253 -0.9288884422911244 0.4609153003374238
 -0.4144070048262075 -0.7791778931949932 -0.6159134147081019 -0.0699868084728853 -0.8408823846133099 -0.6372805365990654
 0.4692945512999933 0.6925363104558888 0.6788403437607062 0.05752577194528286 0.5649202205076169 -0.5587661263110789
 -0.4999068083404582 0.7531927684934334 0.9440979379767276 -0.7673637807865065 -0.5595405846531597 -0.8549025890049632
 -0.1641931903953725 0.2650924624257105 -0.6111854768103541 -0.008245752091193714 0.9673545822631249 -0.6923957959176611
 -0.9457378922201659 0.998063613669266 0.07885021747102816 0.6506890341642522 0.9126297551731197 -0.2785083605866968
 0.2152384846978057 -0.4264292618316791 0.5665854423233765 -0.3744315161856754 0.9308739982231502 -0.07012205033494767
 0.2866298378964098 0.4000896078445839 -0.6074456113548276 0.483264713045501 -0.9191686413806889 -0.5101064829492147
 0.3510940494943187 0.7093385179392009 0.9336352942121851 -0.748564129066342 0.2380721018195791 -0.4274442297779327
 -0.5072283336817615 -0.9780076623308142 -0.7962128431462184 0.6590613549194957 0.6512860068151098 0.3594307329920536
 -0.7209247481908746 0.1225052202327068 0.2427468850634225 0.0863564355929749 0.6732992378852944 0.8810706717800969
 -0.4782084724569989 -0.7384463806083036 -0.921373453198517 0.5080338951544465 0.4244208505107911 0.7010692508618703
 0.2281986222627337 0.6864137978300888 0.5841137754830203 -0.9342084809576962 -0.5811834735514322 0.3979988623427093
 0.471508511438659 0.05536840457182279 0.4049974291863445 -0.09105789583092905 -0.37781673752722 0.5287517113688516
 -0.5972063687953298 -0.3093599977057325 -0.3598288700255435 0.3952383230838659 -0.2763948477143156 -0.6690468050898165
 0.4378991353168544 -0.04939221848600439 -0.1409131693275864 0.316743521365501 0.01147777795097427 0.3607824345635928
 -0.9206737231037533 0.05958993775037835 0.5631394337972819 -0.9711417342680048 0.2795261845426189 0.02691424987838187
 -0.009413951410398469 0.3110802693348036 0.6133071691033165 0.8870739729037627 -0.4654524464484547 -0.3579708878278244
 -0.2367453441825184 0.3660876501466832 0.2938712329840363 0.3664382815522902 -0.1257594979372095 0.3386272328952002
 -0.9784506908736897 0.207549838268668 -0.8613115292226373 0.4192153573285236 -0.528917468074796 0.4136678593397067
 0.3901583299773694 0.5518772938216003 0.2895455615123668 0.03356602900038452 0.2297525154969211 0.2388516111655861
 -0.2929158500453789 -0.9556859608326383 -0.1091685689030611 0.3829430539023786 -0.9274878734253017 0.2954271659715775
 0.4611144380408088 -0.9525801716336814 -0.6543333699674413 -0.03538477297515141 -0.5107517988113425 -0.7860857314249275
 0.7112612962956675 0.4561251967860516 -0.731960649625962 -0.6727008771210489 -0.288105821727673 -0.8051840535956677
 0.6232527829280496 0.1530318940743201 0.8655721178006608 -0.4829081809498675 0.85926293740505 0.3688347616000551
 0.4793635872708208 -0.825507754599703 0.8428532042613035 0.6260670277508522 -0.6172170429086744 -0.7074073087946086
 0.5155681713563036 -0.2248043224562325 -0.9510759986940035 -0.4709793015923379 -0.6558949350908604 0.09035726904659236
 0.1193429765472702 -0.9365501312156063 0.6248099953274411 0.7401287264517655 -0.02581640118164652 -0.8516795611349667
 0.8453161807496499 -0.4509566989494765 0.7190328820566043 -0.4875667572726256 0.1949402548079726 -0.2270312027268887
 -0.2555573823380829 0.08777105588599698 -0.1298729465182752 0.04146023634535601 0.2027554079202967 -0.8049787507705123
 -0.789155641424902 -0.4082484232411013 0.1187276760364606 -0.6484611382477353 0.1734100431220107 -0.5981492069597579
 -0.7456709039686952 0.1506954949365935 -0.4437450563264255 -0.327181703744918 0.7891646493348541 -0.4447665856993473
