# Created by Octave 3.8.2, Fri Feb 06 15:20:25 2015 BRT <uluyac@uluyac-linux-note>
# name: output
# type: matrix
# rows: 1
# columns: 186
 0 1 0 0 1 1 1 0 1 1 0 1 0 1 1 1 1 0 1 0 1 0 0 0 1 1 0 0 0 1 1 0 1 0 0 0 0 1 0 0 1 0 0 1 1 1 1 0 0 1 1 0 1 0 0 0 1 1 0 0 1 1 1 1 0 0 1 1 1 0 1 0 0 1 1 0 0 1 1 0 0 1 0 1 1 0 1 1 0 0 1 1 1 1 1 1 0 0 1 1 1 1 1 0 1 0 0 0 0 1 0 1 0 0 1 1 0 0 0 0 0 0 1 1 0 0 0 0 1 1 1 1 0 1 0 1 1 0 1 1 0 0 1 1 0 1 0 1 0 1 1 1 1 0 0 0 0 1 0 1 1 0 1 0 1 1 0 1 1 1 0 1 1 1 1 0 0 1 0 1 0 0 1 0 1 0


# name: targets
# type: matrix
# rows: 1
# columns: 186
 0 1 1 0 0 1 1 0 0 0 0 0 0 1 1 0 1 0 1 0 1 0 0 1 1 1 0 0 1 1 1 0 1 0 0 0 0 1 0 0 1 0 0 1 1 1 1 0 0 0 1 0 1 1 1 0 1 0 0 0 1 1 1 1 0 1 1 1 1 0 0 0 0 1 1 0 0 1 1 0 1 0 1 0 1 0 0 1 0 0 0 1 1 0 1 1 0 0 1 1 1 1 0 0 1 0 0 0 1 1 0 1 1 0 1 1 0 1 0 0 0 0 1 1 0 0 0 1 1 1 0 1 0 0 0 1 0 1 1 1 0 0 0 1 0 0 0 1 0 1 0 1 1 0 0 1 0 1 1 1 1 0 1 0 1 1 0 1 1 1 0 1 1 1 0 0 0 1 0 1 0 1 0 1 1 0


