# Created by Octave 3.8.2, Fri Apr 17 16:27:01 2015 BRT <uluyac@uluyac-linux-note>
# name: output
# type: matrix
# rows: 1
# columns: 48
 0 0 0 1 0 1 0 1 0 1 0 0 0 0 1 1 1 1 1 0 0 1 1 1 0 0 1 1 1 1 0 0 1 0 0 0 1 1 0 1 1 0 0 0 0 1 1 1


# name: targets
# type: matrix
# rows: 1
# columns: 48
 0 0 0 1 0 1 0 1 0 1 0 0 0 0 1 1 1 1 1 0 0 1 1 1 0 0 1 1 1 1 0 0 1 0 0 0 1 1 0 1 1 0 0 0 0 1 1 1


