# Created by Octave 4.0.0, Mon Apr 11 13:00:36 2016 BRT <uluyac@uluyac-note-ubuntu>
# name: NumberofInputNeurons
# type: scalar
6


# name: NumberofOutputNeurons
# type: scalar
2


# name: InputWeight
# type: matrix
# rows: 100
# columns: 6
 -0.02101464145151166 0.49477830455778 0.1399629622194636 0.4407447853668671 -0.1326073683115637 0.4079246724020713
 -0.3458827905277025 -0.5157745569731945 0.2340941110352182 0.7531251368990712 -0.4897349975444466 0.9935987177918104
 0.5588618304775921 -0.7852958074009081 -0.02871321717145892 -0.1825030978097074 -0.4200498752022351 0.406263514778245
 -0.9300360764999375 0.3865090855407272 -0.2733859744807551 -0.7035794777344689 -0.6190879256183232 -0.5609579750867303
 0.09354663399902119 0.101878058178912 -0.7288068506843716 -0.1321386269971027 -0.5099165969274891 0.6343197928366566
 0.9684430129308423 0.3876779704739943 -0.1775355220925222 0.6064092835017199 -0.1160162327601323 -0.9001645359128562
 0.7630338223220055 -0.5286485938206787 0.5908882288731554 -0.1199325012010176 -0.8101239270614645 -0.02200072259009966
 -0.749321558624963 -0.7895280318703154 0.2646183743505852 0.5497630331340622 -0.09056052589513819 0.3042782135063855
 0.4836255780659644 -0.3587156642080057 -0.7361156258689511 0.6270549332155815 0.7876267080374912 0.4527646608943225
 -0.8279375685807829 0.7629155086075747 0.2223896173848168 -0.9918070452202673 -0.4503859023441451 -0.7211861040844963
 0.1921528948056157 -0.01393382164849355 0.8510137360613825 0.9844520071401099 0.1350708872503634 0.4046905862325025
 -0.0387966519065569 -0.6570452639355658 -0.08374901987304273 -0.7989322547426575 -0.2866997607254312 0.9046676720136639
 0.3372935579615575 -0.3717403309842519 -0.02779577076925832 0.04261306603183668 0.5744718042172048 0.717247441995108
 -0.3082625434469274 -0.7620589215317602 0.7140631286927197 0.7431638866261265 0.4064246819260271 0.8180921760146411
 0.9536200969016873 -0.2397100996853435 0.8774105034420132 -0.279542100159723 -0.3836459141544696 -0.7460916222787647
 0.01910966976044493 0.5995611153275473 -0.02547741778364265 0.1242172891833702 -0.8770656883717264 0.963935948315241
 -0.4794062786439345 0.3840874367042706 -0.1103679945155484 -0.05282287086873272 -0.01762847277776947 -0.9162511401341699
 0.6531232431571306 0.9388161447016317 0.6712972670043718 0.1969165822732943 -0.7981704144663105 -0.9519447753428664
 0.1011398859359938 0.1501908926537343 0.6839401648329659 -0.9223555936462114 -0.7351191181367881 0.4428686840944271
 0.275742708117422 0.003373193308111366 0.1022763437108796 -0.2044277403302884 0.05944794542186504 0.9654202892414669
 -0.002861519284328318 -0.5523198398629906 0.1214420042865743 0.4311568752285488 -0.4537511408815286 0.2263352681680322
 0.0603780767386366 -0.4551219165588826 -0.6262218195090573 0.7558260363496923 -0.2745873023658155 0.1159301810847222
 0.4109830158419805 -0.7234482647718584 0.07592816997486818 -0.07913521593336037 0.6349699626900231 0.6108487100639763
 0.548718148200521 -0.1210669322642478 -0.5748885534290352 -0.790723061654614 -0.6447198848843066 0.3147675370832521
 0.686719183640973 -0.3751933422234225 0.2417452661435904 -0.9101552252173474 -0.03346140049126844 -0.3398566156146973
 -0.03858278741728671 0.07410657224511152 -0.2835438373534788 -0.7037288615322944 -0.7797746044860675 -0.85877343501902
 -0.728441291273212 -0.9053275256614043 0.7532982619959687 0.9355033612298187 -0.8717003474266717 -0.7842766293096773
 -0.4789418107699807 -0.05094856400869185 0.7015930287429664 0.3804065171508162 0.7042525774676991 0.2972205956511582
 0.5666168863007925 -0.7636653385684146 0.9494348253978875 0.1206248456309962 0.3582233093653049 -0.8868294641740552
 -0.4760706470393569 -0.6936792585828618 0.409314083005432 0.4600034188983608 -0.3195495172000112 0.5531947618421384
 -0.1627713024032157 -0.1584706791183942 -0.4627245168408537 -0.2786186585827931 -0.552832852546565 0.7687370495579056
 0.140882004198591 -0.2267010037729741 -0.921952230143268 0.0001394617194145908 0.7029527071706789 0.6017102241921319
 -0.9270423366175417 0.7981087872623835 -0.911975657664626 -0.8553095364258686 -0.8268056995419722 -0.4177553611651589
 -0.2559639080108466 0.9662361865541893 0.4549506156939143 0.2169706424667679 -0.7315228144757356 0.7637760783013818
 0.5831431431327307 0.5584709907590508 -0.2959381041260957 -0.3416031672975542 -0.7414027171763927 0.7571180322182602
 0.9466892882099593 0.3005306047305241 -0.9178979820909713 0.8677792160432849 0.05512161609101707 -0.3322859739617098
 -0.5519613491130787 -0.5030515963894014 0.638856845246182 0.1703151293554452 -0.7981649004156036 0.4325453423264567
 0.8649984984237831 0.6387901896511443 0.03371440537959658 -0.6537450500286249 -0.4810762466741573 0.0358718397137141
 0.4848130818997267 -0.8424344406460959 -0.7683150040880081 -0.5546802571641286 -0.5493401259189957 0.9404457447416152
 0.3929459822180927 0.1756619625760598 -0.4465102155491448 -0.5798872552708551 0.4415933907466623 -0.8731997382957645
 -0.1475250073012747 0.06832264141096633 -0.2103265688505783 -0.09716373840061598 -0.2427307730937253 0.570248608131332
 -0.7120433050732907 -0.2161429638344036 0.6146538139498483 -0.9271005864044318 -0.7201502344433987 -0.9640222793545622
 -0.6337655051516123 -0.248647482666739 -0.02330462508861386 -0.314532321300722 0.2170699288505844 -0.0126222904374701
 0.5909363228191189 -0.003285696527889903 0.1965983358634771 0.5881696039435478 -0.0580973132971504 -0.6438497622815035
 0.1231786070567715 -0.2238884639591888 0.8091607730037667 -0.1258334812642149 0.4704270890312228 0.7875524948716934
 0.2573245980478713 0.9336114053598727 0.004908065967625719 0.5216214873332257 -0.9617788464282823 -0.1716554395743893
 -0.6547420803951404 0.0118318532619428 -0.37725114268543 0.1623844642247352 0.7732141449215693 0.9611004120545528
 -0.8147075874991127 -0.1169487703848039 0.2023880823134441 0.894263634474503 0.7232882139779897 0.6570128361124745
 0.4237287615280909 0.06875810499864965 -0.4040422825650837 -0.4286668006713091 -0.1656839065914463 -0.3706552527924257
 0.8843789797058978 0.2050979842808647 -0.5453885031638096 0.8932534086403707 0.7247262441027615 -0.2626754935465999
 -0.8055668117130118 0.5994696293073081 -0.6019080424108417 0.343279706802277 0.6757696330508194 0.9858024836503643
 -0.7146765803716116 -0.2950954386321504 -0.1446639174340626 0.07733032550783481 -0.7766021956428962 -0.02431664197829086
 0.5632092500228629 -0.7944623407779751 0.5567226026477681 -0.3329665614778085 0.1937631663272441 -0.9188967159283704
 0.3531720267614689 -0.4283842019954985 -0.7187217326453194 0.1641110711847529 -0.5791596270777096 -0.2750090354912486
 -0.8632329129184514 -0.4218046332314832 -0.64560520132979 -0.2398203135103948 0.2033151140847693 -0.7238670093925176
 -0.3462462297590371 0.9994767484143041 -0.1462946736898728 0.4613500135768953 0.8489906678305033 -0.1398493714080217
 0.9430302175531713 -0.3917975203003657 0.9827029240623153 -0.2549921987034965 0.4431194214478047 0.8340145624573092
 0.2513664884395348 0.7311977646974024 0.4125098387716555 -0.9805215095352803 0.5178578124720659 0.08986935490004599
 0.4512108317885055 0.9362566640579659 -0.8622298064615103 -0.5237184116319752 0.3019339708433502 -0.1407139043198508
 -0.1310659371186259 -0.9066157067545323 0.6856482764045213 -0.2654577815312721 -0.2991554427647979 -0.4006782199308744
 0.3822353513851846 -0.935528155331497 -0.7199867747253562 0.286633653907586 0.605199149426761 -0.4692016156920117
 0.5516627145069815 -0.3189430805397869 0.3264264629766456 -0.4638641049902402 -0.6717519637104125 -0.7533272830376446
 -0.4124484077712877 0.5600200171042951 0.04327680251887656 -0.00196002193009559 0.8221841845790778 0.5683887413824797
 -0.1097271350924472 -0.4714654746059886 -0.1581701189167116 0.9389953703972809 0.3809389102170768 -0.1595977258135067
 0.892016924448676 0.04529630475889324 -0.3916835336486527 0.458860842347161 0.1452731722498226 0.6585362415447058
