# Created by Octave 3.8.2, Fri Apr 17 15:07:49 2015 BRT <uluyac@uluyac-linux-note>
# name: Metricas
# type: matrix
# rows: 18
# columns: 6
 0.01057343212142722 0.002307168397081439 0.0107783715545011 0.0001329309167457563 0.0006480733767664516 0.000129673046648397
 0.009519476594869639 0.001249007768442369 0.008254687086123647 0.0002039575948786904 0.002492723851818008 0.00018553569543143
 0.002779269454880458 0.0005360335286962143 0.001688458818433155 0.0117640880679 0.01932882885338239 0.01158987570737901
 0.01149174128235933 0.001884158666805766 0.01034855045294945 0.0001561929875500862 0.001446009744238425 0.0001886485301388015
 0.00956295494674942 0.00244938894221785 0.008432597620869753 0.0001142651335450361 0.0004622749129793593 0.0001242632383431048
 0.009198122026870786 0.00185944099904436 0.007790652877369937 0.0001163604422566715 0.0006129760498985281 0.0001357756331009956
 0.00358113761376851 0.00107370257637143 0.0029260123647828 0.002962039300759972 0.003498397816538787 0.003208201867308633
 0.002239959291333746 0.00105607037383378 0.002351382933007653 0.01951511445874614 0.0207666367904771 0.01993617456757282
 0.001960524012176233 0.0006689809649866547 0.001684816623934412 0.008317606250132554 0.01554517947455745 0.01823154621859677
 0.008857338595311333 0.002082540171371005 0.007852400663437066 8.946420600352395e-05 0.0004294454935143528 9.544016761611614e-05
 0.008838995630820108 0.001924318493736678 0.008460375164213522 9.763878077513683e-05 0.00043629944792566 9.914199182416562e-05
 0.00733983865872857 0.001379240951221324 0.006906015870340299 0.0001302403753823594 0.001251976289168079 0.0001522442231212155
 0.004273870248318061 0.0006882275393360566 0.004404216618491486 0.003467415247094594 0.002419664768611283 0.003493820351459077
 0.009965885580349998 0.001854366481050306 0.0100309343039934 9.601557696323565e-05 0.002068948073786421 9.755419636149473e-05
 0.007103451341523168 0.001314589040282545 0.0079546346956292 9.461340761029346e-05 0.002496459952338897 0.000102129171228876
 0.00651475874533492 0.001457471849446255 0.006020389758268804 0.0001256928977350161 0.001130109654485206 0.0001248798248581571
 0.006540031182437356 0.001021992504557704 0.007061635444533503 0.0001906803553259123 0.003528591304297984 0.0001907252948120911
 0.006619587859396397 0.001461011162064934 0.006106090414988911 0.0001465384222800332 0.001044060106820634 0.0001498090722399794


# name: saida
# type: matrix
# rows: 1
# columns: 18
 0 0 1 0 0 0 1 1 1 0 0 0 1 0 0 0 0 0


# name: etiquetas
# type: matrix
# rows: 1
# columns: 18
 0 0 1 0 0 0 1 1 1 0 0 0 1 0 0 0 0 0


# name: acuracia
# type: scalar
1


