# Created by Octave 4.0.1, Wed Apr 20 02:13:18 2016 BRT <uluyac@uluyac-desktop-ubuntu>
# name: Base_dados_em
# type: matrix
# rows: 370
# columns: 7
 1 0.004353407586760467 0.0001899912457611954 0.01224770569375421 0.0007369262453690093 0.0007218549043164467 0.001451350005027211
 1 0.001047560710999664 0.0001923761882330655 0.008519367162182961 0.00134846114734239 0.003396356323582708 0.0007305026897249942
 1 0.001033620857293107 0.0001678070053033885 0.00788524846714612 0.001338542617290132 0.003106445788991212 0.0007262304124327855
 1 0.001135015660281112 0.0001373925494916991 0.007577904490475462 0.00153513230827264 0.004061018867885211 0.0007291660953835022
 1 0.001027074520544167 0.0001173039819598638 0.01028425077735447 0.001301563496487873 0.002726597932905534 0.0007301367997342065
 1 0.0007188601128382279 0.0002164224780587367 0.001703918667691834 0.01018961668803039 0.01405524164485358 0.0008243151483641552
 1 0.0009685808214747078 0.0001225927722873226 0.009966887468129867 0.001400118591888934 0.002607160747507764 0.0007278647144740877
 1 0.001036912897955044 0.0001177351167152018 0.01571916517325593 0.001678036677565382 0.002821320136731904 0.0007311907988483261
 1 0.0009951133470903527 0.0001435423459610983 0.00491743344609857 0.00174986851565498 0.003628430554941175 0.0007227516915332428
 1 0.001859961385730565 0.0001745996216254849 0.00217101754637754 0.0008248463074236397 0.0008691890707533213 0.001559357442650112
 1 0.001699786378542834 0.0001789289091208603 0.001958816579302165 0.0007755450061241273 0.0008104706539215233 0.0007925257402360446
 1 0.0004295253723409828 0.0001322638317417034 0.0004424065972024583 0.01634546044871544 0.0162219463749211 0.01438790722724824
 1 0.0004470425632471152 0.0002402567232950458 0.00045892333931907 0.02361170202960204 0.02003879429736646 0.01997695013477149
 1 0.0005549417738368078 0.0001384016350578573 0.0005108056455502515 0.01694525663341023 0.01649247447041128 0.01700325096107515
 1 0.0004937610734744477 0.0001593050508738945 0.0004159074170461991 0.01640912634495304 0.01507986616253524 0.01785488970071034
 1 0.0004954689733440867 0.0001968436603441072 0.0004853983229057571 0.01322687893527305 0.01128429318357528 0.01659023580033158
 1 0.0004042987981178347 0.0001356710171843457 0.0003447542398480357 0.01740919053806854 0.02410634306852745 0.01204518328565105
 1 0.0004219584769182891 0.0001107199055080818 0.0005707709115334716 0.0210553113020449 0.01790896877817624 0.01798437697138619
 1 0.0004728144940508874 0.000172666625697351 0.0004323892590356831 0.01382372479427262 0.01429892004515515 0.0134591807102642
 1 0.001064900771842034 0.0001612448225710741 0.0009771414705347908 0.001213162907318547 0.001595279147649798 0.001584427265142032
 1 0.002774734235227924 0.000107465756368015 0.003007056091819816 0.0007336052270630673 0.000728875243869082 0.000736352717631341
 1 0.0004992974480263034 0.0001659745613179508 0.0003986848639149684 0.01108477124291571 0.008817969722320625 0.01370488571412792
 1 0.0004360058119981555 0.0001573226395663095 0.0005084435617707851 0.01979417097570767 0.01911460506747711 0.01923751806000002
 1 0.0005213832168973103 0.0001814019091643095 0.0005183152114526849 0.01645937320922079 0.01841682223736143 0.01798328524020764
 1 0.0004440597311796137 0.0001640161672011333 0.0004187272785435612 0.01772999186543117 0.01666230464632823 0.01232035481713884
 1 0.000385066573269307 0.0001546450018608785 0.0004855323424246039 0.01768211247559923 0.0179329972134728 0.0189991879813111
 1 0.0003950694461629123 0.0001420607711636183 0.0004722684290587591 0.02010469772807348 0.01836657033630663 0.01899874213814042
 1 0.0003454566103932283 0.0001161325299548714 0.0004558575000598511 0.01604904882051672 0.01825339574151538 0.02015400655106571
 1 0.0004313037103345007 0.0002169904962008156 0.0004831925613014036 0.01660171479895515 0.01670627232768262 0.01763795450551636
 1 0.001683611612473485 0.0001554926028613908 0.00151751959971485 0.0008163965202379641 0.0009940121728074446 0.0008432397056968592
 1 0.00291397648182953 0.0001371916189369485 0.003263740077710232 0.0007245897336866152 0.0007468842443099089 0.0007145779463881769
 1 0.0004849595981550434 0.0001816772593328099 0.0005168637283227372 0.01633087689898239 0.01581288428019885 0.01730916293331648
 1 0.0004463873408675385 0.000187152946429382 0.000395836240535941 0.01855060911209242 0.01454596826903345 0.01578282706035795
 1 0.0004831332259237877 0.0001445110964320107 0.0005151472910587625 0.01449027226870393 0.01392139004631172 0.0154380308148457
 1 0.0004312276354033383 0.0001757074953894906 0.0004237286669430989 0.01623892905686976 0.01487385565299915 0.01666589119579893
 1 0.0005052657003463794 0.0001853153839067902 0.0003952196522449841 0.01833748306505571 0.01294550716154798 0.01956830327544401
 1 0.0004399001066784601 0.000133792682897505 0.0005269312712890094 0.01439047607972296 0.01607489760809994 0.01910111813088628
 1 0.0006458969597069325 0.0001804376204582871 0.0004746151136784634 0.01512277400074906 0.01567099997208857 0.01957305413064591
 1 0.0005168102461569186 0.0001367528634666643 0.0005169377209406615 0.01335109027504541 0.01294173232416738 0.01737615370845875
 1 0.001675706328472932 0.0001323484283198706 0.00266477574059544 0.000810778333244652 0.0008228916947112213 0.0007327323288008473
 1 0.001843433015520765 9.21569775201155e-05 0.003141367073057864 0.0007456837575537189 0.0007942070837639332 0.0007137438835414963
 1 0.0004980234159017219 0.0001628134702400344 0.0004003823871827505 0.02048745532168853 0.01874738586550868 0.01905472324664727
 1 0.0004574613960222143 0.0001555001944913307 0.000482064670099146 0.01825825644285562 0.01920662068626901 0.01818439693325946
 1 0.0004835355398845914 0.0001517195003053687 0.0005089094157245322 0.01753464337845435 0.01930016701941515 0.0166043840238456
 1 0.0005000930750999532 0.0001920909243154695 0.000484644254664895 0.01799364839787402 0.01422189741592263 0.01721505373746511
 1 0.0004986943348598909 0.0002129990904591437 0.0004544396685642838 0.01741433154561893 0.0175814240757329 0.01849701336073733
 1 0.0004521633446245359 0.0001323753086767209 0.0004620639265701713 0.01615811224907572 0.01613897041201262 0.01510817301502058
 1 0.0003989631082257297 0.0001825062977424227 0.0004588873388374124 0.0176998457437171 0.01627513798489665 0.01871200115525187
 1 0.0005039610527330105 0.000137330943076769 0.0005261798619645565 0.01624596333853996 0.01666939240227565 0.01319714427652185
 1 0.001725473278496982 0.0001397602514095908 0.002413762961798212 0.000803808559124453 0.0008108374812610858 0.0007360165381706498
 1 0.002245905021731949 0.0001164756394041306 0.002693614521166935 0.0007817356814490869 0.0007515038693061321 0.0007423460511141942
 1 0.0004955184523907886 0.0001223636282141192 0.000473325115522763 0.01721842771366812 0.01739661753160347 0.01609764283427711
 1 0.0004307480583254767 0.0001275779698524353 0.0004812715248553525 0.01740606361038257 0.01873858108436302 0.01927772929238343
 1 0.0005256402477615766 0.0001317964849911687 0.0004903219981520277 0.01567216915516672 0.0174117486141208 0.01872338465369963
 1 0.0004128294342417314 0.00019983096551894 0.0005589541724443622 0.01724239852312539 0.01519458908913573 0.01747476836887119
 1 0.0004296242427419869 0.0001693596891605983 0.0005005214944193546 0.01586873409788351 0.01740429787711571 0.01687555759057437
 1 0.0006178147121707212 0.0001995683127257815 0.0005041027220636299 0.01501761889260465 0.01704344317524882 0.01640540386446169
 1 0.0004777219816140193 0.0001642451006676009 0.0004903300389553692 0.01482819538696167 0.01787981202430485 0.01400552893882129
 1 0.0004461497905024736 0.0001598788950797652 0.0004164565239983917 0.01203092578469275 0.02133055915894157 0.0112040836974338
 1 0.001824324321596876 0.0001769955499516937 0.002322568236092177 0.0007814203798375507 0.0007913823442820397 0.000730950107445091
