# Created by Octave 4.0.0, Mon Apr 11 13:21:23 2016 BRT <uluyac@uluyac-note-ubuntu>
# name: m_a_teste
# type: matrix
# rows: 1
# columns: 100
 0.5 0.8175675675675675 0.8533783783783784 0.9189189189189187 0.9189189189189187 0.9459459459459459 0.9412162162162163 0.9493243243243242 0.9459459459459459 0.9587837837837838 0.9648648648648649 0.970945945945946 0.979054054054054 0.9858108108108109 0.9716216216216218 0.9817567567567567 0.9858108108108107 0.9885135135135135 0.9885135135135134 0.9932432432432433 0.9905405405405405 0.9945945945945945 0.9925675675675676 0.9925675675675676 0.9891891891891893 0.9898648648648649 0.9952702702702704 0.9952702702702702 0.9945945945945945 0.9952702702702704 0.9945945945945945 0.9972972972972973 0.9966216216216216 0.995945945945946 0.9972972972972973 0.9932432432432432 0.9959459459459461 0.9959459459459458 0.9952702702702702 0.9979729729729729 0.9972972972972973 0.9966216216216216 0.9945945945945945 0.9952702702702704 0.9972972972972972 0.9972972972972972 0.9959459459459458 0.9952702702702702 0.9972972972972973 0.9972972972972972 0.995945945945946 0.9979729729729729 0.9986486486486486 0.995945945945946 0.9986486486486486 0.9979729729729729 0.9966216216216216 0.9986486486486486 0.9979729729729729 0.9986486486486486 0.9966216216216216 0.9966216216216216 0.995945945945946 0.9979729729729729 0.9979729729729732 0.9939189189189189 0.9966216216216216 0.9972972972972972 0.9966216216216216 0.995945945945946 0.9972972972972972 0.9972972972972973 0.9966216216216216 0.9952702702702704 1 0.9939189189189189 0.9952702702702704 0.9939189189189188 0.9986486486486486 0.9966216216216214 0.9972972972972973 0.9966216216216216 0.9945945945945945 0.9986486486486486 0.9966216216216216 0.9972972972972972 0.9986486486486486 0.9966216216216216 0.9972972972972972 0.9966216216216217 0.9986486486486488 0.9972972972972972 0.9952702702702702 0.9972972972972972 0.9979729729729729 0.9993243243243242 0.9966216216216216 0.9972972972972972 0.9979729729729729 0.9986486486486488


