# Created by Octave 4.0.1, Wed Apr 20 00:00:39 2016 BRT <uluyac@uluyac-desktop-ubuntu>
# name: m_a_teste
# type: matrix
# rows: 1
# columns: 2
 0.9970588235294116 0.9970588235294118


