# Created by Octave 4.0.0, Mon Apr 11 13:21:23 2016 BRT <uluyac@uluyac-note-ubuntu>
# name: m_a_treinamento
# type: matrix
# rows: 1
# columns: 100
 0.5 0.8143581081081083 0.847466216216216 0.9131756756756756 0.9224662162162163 0.9429054054054056 0.9440878378378381 0.9488175675675677 0.95 0.9626689189189189 0.9630067567567566 0.9721283783783784 0.9763513513513514 0.9800675675675677 0.9798986486486486 0.9814189189189187 0.9842905405405407 0.9876689189189189 0.9876689189189189 0.9891891891891893 0.9893581081081081 0.9903716216216216 0.9912162162162161 0.9913851351351353 0.991385135135135 0.9918918918918918 0.9944256756756756 0.9932432432432432 0.99375 0.9945945945945945 0.9949324324324322 0.9957770270270269 0.9947635135135136 0.9951013513513512 0.9962837837837837 0.9956081081081081 0.9959459459459458 0.995777027027027 0.995945945945946 0.9961148648648648 0.9964527027027025 0.9957770270270269 0.9966216216216216 0.9966216216216214 0.9964527027027026 0.9971283783783781 0.9962837837837837 0.9966216216216214 0.9971283783783782 0.9964527027027025 0.9971283783783781 0.9971283783783782 0.9974662162162161 0.9972972972972972 0.9969594594594593 0.997297297297297 0.997466216216216 0.9976351351351349 0.9971283783783782 0.997804054054054 0.9972972972972972 0.9976351351351351 0.9976351351351349 0.9976351351351351 0.9978040540540538 0.9971283783783782 0.9971283783783782 0.9969594594594593 0.9969594594594593 0.9969594594594593 0.997297297297297 0.9969594594594593 0.9971283783783781 0.9971283783783782 0.9972972972972972 0.9971283783783781 0.9967905405405404 0.9967905405405404 0.9971283783783782 0.997297297297297 0.997297297297297 0.9972972972972972 0.9971283783783782 0.9976351351351349 0.9969594594594593 0.9978040540540538 0.9971283783783782 0.9971283783783782 0.9972972972972972 0.9969594594594593 0.9967905405405404 0.9972972972972972 0.9971283783783782 0.9972972972972972 0.9969594594594593 0.9971283783783782 0.9972972972972972 0.9971283783783782 0.9969594594594593 0.997297297297297


