# Created by Octave 3.8.2, Tue Feb 03 18:29:11 2015 BRT <uluyac@uluyac-linux-note>
# name: inds_perms
# type: lazy_index
# name: index_value
# type: matrix
# rows: 1
# columns: 21
 1 3 6 16 25 27 28 30 31 32 33 34 36 38 43 47 48 60 64 68 69




# name: n_blocos
# type: scalar
70


