# Created by Octave 3.8.2, Tue Feb 03 18:28:52 2015 BRT <uluyac@uluyac-linux-note>
# name: inds_perms
# type: lazy_index
# name: index_value
# type: matrix
# rows: 1
# columns: 21
 4 5 7 9 12 13 14 16 28 32 37 40 42 44 45 46 51 57 59 60 68




# name: n_blocos
# type: scalar
70


