# Created by Octave 3.8.2, Tue Feb 03 18:29:20 2015 BRT <uluyac@uluyac-linux-note>
# name: inds_perms
# type: lazy_index
# name: index_value
# type: matrix
# rows: 1
# columns: 5
 4 5 6 9 13




# name: n_blocos
# type: scalar
15


