# Created by Octave 3.8.2, Tue Feb 03 18:29:24 2015 BRT <uluyac@uluyac-linux-note>
# name: inds_perms
# type: lazy_index
# name: index_value
# type: matrix
# rows: 1
# columns: 5
 2 5 9 14 15




# name: n_blocos
# type: scalar
15


