# Created by Octave 3.8.2, Tue Feb 03 18:29:42 2015 BRT <uluyac@uluyac-linux-note>
# name: inds_perms
# type: lazy_index
# name: index_value
# type: matrix
# rows: 1
# columns: 21
 3 5 17 21 25 29 31 32 37 39 41 42 44 45 54 56 57 58 59 60 66




# name: n_blocos
# type: scalar
70


