# Created by Octave 4.0.0, Mon Apr 11 12:03:44 2016 BRT <uluyac@uluyac-note-ubuntu>
# name: m_a_teste
# type: matrix
# rows: 1
# columns: 100
 0.5 0.9239583333333335 0.9520833333333332 0.9583333333333334 0.959375 0.9645833333333332 0.9635416666666666 0.9666666666666666 0.9625 0.9697916666666668 0.98125 0.9770833333333334 0.9854166666666668 0.9947916666666666 0.9854166666666668 0.99375 0.9958333333333333 0.99375 0.9979166666666668 0.996875 0.9989583333333334 0.9989583333333332 0.9989583333333332 0.9989583333333332 0.9979166666666666 0.9979166666666666 1 0.9989583333333334 0.9979166666666666 0.9979166666666666 1 0.9979166666666666 1 0.9989583333333332 1 1 1 1 1 1 1 1 1 1 1 1 1 1 1 1 1 1 1 1 1 1 1 1 1 1 1 1 1 1 1 1 1 1 1 1 1 1 1 1 1 1 1 1 1 1 1 1 1 1 1 1 1 1 1 1 1 1 1 1 1 1 1 1 1 1


