# Created by Octave 4.0.0, Mon Apr 11 11:39:11 2016 BRT <uluyac@uluyac-note-ubuntu>
# name: m_a_teste
# type: matrix
# rows: 1
# columns: 100
 0.5 0.8674479166666667 0.9315104166666665 0.9361979166666666 0.9325520833333334 0.9424479166666666 0.9489583333333333 0.9447916666666668 0.9447916666666668 0.9450520833333333 0.9500000000000002 0.9481770833333334 0.9515625 0.9528645833333332 0.9513020833333335 0.9554687500000002 0.9526041666666666 0.959375 0.9552083333333332 0.9578125000000002 0.9549479166666665 0.9578125 0.9604166666666666 0.96171875 0.959375 0.9596354166666666 0.9578125 0.9575520833333334 0.9632812500000002 0.95859375 0.9661458333333334 0.9695312499999998 0.9661458333333333 0.9661458333333333 0.9619791666666666 0.9692708333333334 0.9695312500000002 0.96796875 0.9716145833333332 0.9695312499999998 0.9729166666666667 0.9700520833333334 0.9825520833333334 0.975 0.9747395833333334 0.9752604166666667 0.9778645833333334 0.9763020833333332 0.9781250000000001 0.9815104166666668 0.9820312499999998 0.9822916666666668 0.9809895833333332 0.9794270833333331 0.9802083333333332 0.9817708333333334 0.9812500000000002 0.9833333333333332 0.9815104166666668 0.98359375 0.9822916666666665 0.9830729166666666 0.9828125000000002 0.9854166666666668 0.9838541666666666 0.985677083333333 0.9838541666666666 0.9796875 0.9815104166666669 0.9830729166666666 0.9846354166666668 0.9846354166666668 0.9854166666666666 0.9809895833333334 0.9880208333333333 0.9854166666666666 0.9838541666666666 0.9825520833333332 0.9828125000000002 0.9825520833333334 0.9843749999999998 0.9846354166666667 0.9854166666666668 0.984375 0.9838541666666666 0.985677083333333 0.9822916666666666 0.98515625 0.9828125000000003 0.9854166666666666 0.98671875 0.9846354166666667 0.9846354166666668 0.9846354166666668 0.9833333333333334 0.9880208333333333 0.98515625 0.9872395833333334 0.9882812500000003 0.984375


