# Created by Octave 4.0.0, Mon Apr 11 12:03:44 2016 BRT <uluyac@uluyac-note-ubuntu>
# name: m_a_treinamento
# type: matrix
# rows: 1
# columns: 100
 0.5 0.9182291666666668 0.9437500000000002 0.9559895833333332 0.9585937499999998 0.9614583333333334 0.9638020833333332 0.9666666666666668 0.9703124999999998 0.9773437500000002 0.9809895833333334 0.9822916666666666 0.98828125 0.9927083333333334 0.98984375 0.9916666666666666 0.9942708333333335 0.9963541666666667 0.9971354166666666 0.9979166666666666 0.9981770833333332 0.9979166666666666 0.9989583333333334 0.9986979166666666 0.9986979166666667 0.9984375 0.9986979166666666 0.9984375 0.9989583333333332 0.9986979166666666 0.99921875 0.9984375 1 0.9989583333333334 1 0.9994791666666666 0.9997395833333333 0.9997395833333332 0.9994791666666668 1 1 1 1 1 1 1 1 1 1 1 1 1 1 1 1 1 1 1 1 1 1 1 1 1 1 1 1 1 1 1 1 1 1 1 1 1 1 1 1 1 1 1 1 1 1 1 1 1 1 1 1 1 1 1 1 1 1 1 1 1


