# Created by Octave 4.0.0, Mon Apr 11 11:39:11 2016 BRT <uluyac@uluyac-note-ubuntu>
# name: m_a_treinamento
# type: matrix
# rows: 1
# columns: 100
 0.5 0.8634114583333334 0.9311848958333332 0.9330078124999999 0.9383463541666668 0.9449218749999998 0.9442057291666666 0.9436197916666668 0.9468098958333334 0.9479817708333332 0.9497395833333332 0.9499348958333332 0.953125 0.9548177083333332 0.9541015624999998 0.9549479166666668 0.9536458333333335 0.9573567708333333 0.9564453125 0.9585286458333334 0.9594401041666668 0.9610026041666666 0.9610026041666668 0.9606119791666666 0.9604817708333332 0.9606119791666666 0.9618489583333332 0.9606119791666666 0.9612630208333333 0.9622395833333336 0.9620442708333334 0.9638020833333334 0.9649739583333334 0.9665364583333333 0.9669921874999998 0.9679036458333332 0.9694661458333336 0.9671875 0.9680338541666667 0.9715494791666666 0.973046875 0.9729817708333334 0.9747395833333334 0.9761067708333334 0.9737630208333332 0.9752604166666666 0.9777343750000002 0.977734375 0.979296875 0.9779296875 0.9795572916666668 0.9797526041666667 0.9804036458333332 0.980859375 0.9811848958333333 0.9810546875 0.980859375 0.9817057291666667 0.9817057291666668 0.9825520833333334 0.98203125 0.9825520833333335 0.9828776041666668 0.9830078125 0.9831380208333332 0.9834635416666669 0.9835937500000002 0.98359375 0.9839192708333332 0.9841145833333333 0.9838541666666668 0.9836588541666668 0.9846354166666667 0.9840494791666667 0.9841145833333332 0.9847005208333334 0.9837239583333334 0.9846354166666668 0.9833333333333332 0.9857421875 0.9845052083333332 0.9848958333333332 0.9852864583333332 0.9845703125000002 0.9845703125 0.9840494791666666 0.9856119791666668 0.9848958333333332 0.984765625 0.9858072916666668 0.9854166666666666 0.9848307291666665 0.9854166666666664 0.9858723958333334 0.9854166666666668 0.9869140625 0.9866536458333333 0.9856770833333336 0.9867838541666666 0.9854166666666666


