# Created by Octave 3.8.2, Thu Feb 12 11:03:16 2015 BRT <uluyac@uluyac-linux-note>
# name: inds_perms
# type: lazy_index
# name: index_value
# type: matrix
# rows: 1
# columns: 7
 3 6 15 16 17 22 23




# name: n_blocos
# type: scalar
24


