# Created by Octave 3.8.2, Thu Feb 12 11:03:51 2015 BRT <uluyac@uluyac-linux-note>
# name: inds_perms
# type: scalar
1


# name: n_blocos
# type: scalar
2


