# Created by Octave 3.8.1, Sun Feb 08 15:57:18 2015 BRT <uluyac@uluyac-desktop-linux>
# name: Base_dados_em_interpolacao
# type: matrix
# rows: 480
# columns: 7
 1 0.007699085613532086 0.002101275230535522 0.008148563626023125 0.009852638637973591 0.01041854513596567 0.00958532555485195
 1 0.007614803056452167 0.001190972756819724 0.006980572051363583 0.01963125195976939 0.04274299555555276 0.03758393053373137
 1 0.006400991441635136 0.001211272399952064 0.00508969983554676 0.001522963740529652 0.001430528201500057 0.001792397942668596
 1 0.005999986815155482 0.00112252617954468 0.006640495850447532 0.001361655110010725 0.001298363267438985 0.001696316108559804
 1 0.005403765906152917 0.00104889869424823 0.006013378525594024 0.001765995386937324 0.00114140109376052 0.001764082500932547
 1 0.006784536976952961 0.001674869309071259 0.006181692185717581 0.001871446399677408 0.001327449266667295 0.001696671347250658
 1 0.006053542046207825 0.001464532617761839 0.006571376140846606 0.003227940681676717 0.002596764408254917 0.00236007674567587
 1 0.007124213320818187 0.001854144991902503 0.006127601029464953 0.02657459162958819 0.01769392916495757 0.01612119133640325
 1 0.006688779303531789 0.001350904255252138 0.006163806011171901 0.01798144839465243 0.007557130960654095 0.008936799001887107
 1 0.00659905966223632 0.001077022126987079 0.004316113104320135 0.02847130932536129 0.02564825611286827 0.02302645199293519
 1 0.006948996433675646 0.001221166889112372 0.00606463232932278 0.02343339271420012 0.01666471719992811 0.01453482481229313
 1 0.007582075724323964 0.001181844154845982 0.006455420045720163 0.01920832408223291 0.02236741824631533 0.02869249403781084
 1 0.008026420711890338 0.002276060257373729 0.006109727912507278 0.01273288443875408 0.01317878673543063 0.01222213762316462
 1 0.006402469414674431 0.001465783735366459 0.005770393040261992 0.01743075303225569 0.01424869373940065 0.0164811970144746
 1 0.005976897627727381 0.002419923968859888 0.007505999498622059 0.02297702130632839 0.02167287224846799 0.02773783429261539
 1 0.007383204092171437 0.00142920897932686 0.007142280239073011 0.02665822510044049 0.01626433437523772 0.01315549802587362
 1 0.007837336840589963 0.001767194380955796 0.007975473017332651 0.01576609881001007 0.01987948963756804 0.01990454423655023
 1 0.004898435519306492 0.001533149364510154 0.006301082716994723 0.001461090769707776 0.001353940537633559 0.001800384135717124
 1 0.005378517419846113 0.001230847669476546 0.006109057947488155 0.001494750980675073 0.001235434876521916 0.001454003861718095
 1 0.005565943913516186 0.001366848626730631 0.006479910409224674 0.002271517158731406 0.001840870839236965 0.003102546087831393
 1 0.00490632378283248 0.001521064260323053 0.005950366015786314 0.003619009021829763 0.00299273567173205 0.002838943109861739
 1 0.006788590617956145 0.001124012660799753 0.006017214121283082 0.004377246479344275 0.003064010543607856 0.00441432962007681
 1 0.006940343310892618 0.001701364261253694 0.006352113764001938 0.0192467762559101 0.00497651305090696 0.005512209002674189
 1 0.00712153788766564 0.001202449907578792 0.008328367401159909 0.01810723432269595 0.0132099946832902 0.01604516173055663
 1 0.006389217979872182 0.002825146009737863 0.006693321146280152 0.0255937476025036 0.02622359144880082 0.02133567033410791
 1 0.007717090223061314 0.002282650087296087 0.006719764950447686 0.02042472853253552 0.01732853045380351 0.01834449457093828
 1 0.005621239985825893 0.001408883520064317 0.005242090984423594 0.02211631054928624 0.02361234181120795 0.02825274969824451
 1 0.008231233572431036 0.00222437515586588 0.008407747550888932 0.01355989669466568 0.01024900093340738 0.009373915440502506
 1 0.007078208197587162 0.002139087045063174 0.007539889769941366 0.02317331982744666 0.02249342671665489 0.0261774294665047
 1 0.01160419935287647 0.002055512077441414 0.01078065382075749 0.01261614689661322 0.01593772929057168 0.01564590330700327
 1 0.006217938742182779 0.00195989636468951 0.00632747643517351 0.001481786374593417 0.002285798452990341 0.001867088773188909
 1 0.005878229953925803 0.001021674988178166 0.005313012721093279 0.002364742104859884 0.001648248212998403 0.001660230134280501
 1 0.006020265574396015 0.00132788636138894 0.005342248493842864 0.002695258977291555 0.002127809406182928 0.002765712992865258
 1 0.008030160916312217 0.002261373480843939 0.008107343179921326 0.02022205044034816 0.01774906326900905 0.01711006321381611
 1 0.007256822509951122 0.002404621547920578 0.007267353846156978 0.01604202908182567 0.01553063199527531 0.01670468448356647
 1 0.007538835230253222 0.002136193397152874 0.007513287584991033 0.01986608397524493 0.02495103915631639 0.0188576554158198
 1 0.007982149075455802 0.002098636771238207 0.006981870920704345 0.02305078616196971 0.02663000625843391 0.02438642595749078
 1 0.006770420958654119 0.001885181642449116 0.006263742293166105 0.02055556692844658 0.01700358320164135 0.02124327670092765
 1 0.006847089667750645 0.002287778294323662 0.006969434732683659 0.02348765366710247 0.02289520846811568 0.01846653403005181
 1 0.009404694855776394 0.001967793973215264 0.008807039891521562 0.01735674791031116 0.01736805419162829 0.0188802390129839
 1 0.008283629532743675 0.002671681448311087 0.007799617233304401 0.02189758254932498 0.0161147422550701 0.02396957098022054
 1 0.007291722695807288 0.002274362385695629 0.006880285422008014 0.01864961851848763 0.01824339340789666 0.01569365515211297
 1 0.008377989599936657 0.001767956640097593 0.008574336583430047 0.02480979688923795 0.01744277240384854 0.01797732351699861
 1 0.006529849590160144 0.001987194437402202 0.007479862740118616 0.02794671754348685 0.02529895469686457 0.02537546909550427
 1 0.007037405147784987 0.002373696958510094 0.007094029801942235 0.01612913551880671 0.02134097614807739 0.02157661373290064
 1 0.006887641669431077 0.002123872398502198 0.007309340976399036 0.02404421610774736 0.02121947296765876 0.02613361240792124
 1 0.008465487920561256 0.002504099954338968 0.008816071648909206 0.01494643712143127 0.02271558132212565 0.0253273806220529
 1 0.006928073985989712 0.00232003228689987 0.006895760141881627 0.01725225069468875 0.01375624126631164 0.02299937114351451
 1 0.006814211495383414 0.002165712438264811 0.00723855037153847 0.01957786159078732 0.01825669065440362 0.01833388654350215
 1 0.006276742052728293 0.001911518315952184 0.006313388209031934 0.02546611319441156 0.02005100780060913 0.0244008719922291
 1 0.00619676512444102 0.001466294657247281 0.005751376445388716 0.02106815327256134 0.02653687980009498 0.01933448954771051
 1 0.006539010158598558 0.00150745275379841 0.006044940854574046 0.0144133564837751 0.0160869130713924 0.0117840468524354
 1 0.00614332830994373 0.002260395860631097 0.006490733629036907 0.009082279784661987 0.008777492036177914 0.00846721085912421
 1 0.006546774334909836 0.001500629286447543 0.006832778392762244 0.01239580396672566 0.01153561621074412 0.01358474977737397
 1 0.007383693196575516 0.002711253238059352 0.007962751141986892 0.01313942863740226 0.01447492127231629 0.01471137175505537
 1 0.006659609461561214 0.002443730309691404 0.006700144572466384 0.01742997545181035 0.01715552447681691 0.0160183980141518
 1 0.007353169620566077 0.002562215473021367 0.006742875388471843 0.02328613281255984 0.02583747291981305 0.02690768165565781
 1 0.008528976316783036 0.002070434151587952 0.007855086901779301 0.02133945283413452 0.02365456979371043 0.02555403155141295
 1 0.007906957129117844 0.003034403667302946 0.006988039045905864 0.0192258236701884 0.01836306254023636 0.01848117509347178
 1 0.007575582911301473 0.001567883842136473 0.008116714985332113 0.01649461699937974 0.01872450077243501 0.02111335710657544
 1 0.008537924237620901 0.002560375873675603 0.006903682924638424 0.01871446321646757 0.0138589677453215 0.01798342442761959
 1 0.005124820978361761 0.002054588567749513 0.005528179634063718 0.01584316148824161 0.01685792402579965 0.01973645788875724
