# Created by Octave 4.0.1, Sat Apr 16 22:44:24 2016 BRT <uluyac@uluyac-desktop-ubuntu>
# name: Base_dados_em_interpolacao
# type: matrix
# rows: 20
# columns: 7
 1 0.0006086760705154115 0.0001662091543243529 0.0005246857460935183 0.00651358571536153 0.007012352469010612 0.007706737576738641
 1 0.0003571091388402672 5.543319824680868e-05 0.0002999148027990935 0.0164292974406175 0.01572491550716979 0.01568695501672248
 1 0.000451461532327543 0.0001917410311660063 0.0004463268039246629 0.01688759141459555 0.01688021187420383 0.01340992649022416
 1 0.000706049139912262 0.0001118986477364648 0.001048456586595719 0.002278972008465694 0.001672797391697736 0.001059622174270512
 1 0.0005141890348529816 0.0001902236849471338 0.0004990591824634229 0.01029046626352937 0.01093928281272231 0.01138576987363307
 1 0.0004800255767863539 0.0001495667963875122 0.0005205552270934063 0.01564901515356627 0.01779446757046741 0.01728028664663738
 1 0.0004628290769044871 0.000100398412162294 0.0005156975176582877 0.01203428528481845 0.01442547758407734 0.01188441619714806
 1 0.0005422620964159557 0.0002193053659996125 0.0005573694146257261 0.01582697748179636 0.0165674254317274 0.01663494038491359
 1 0.0004740901531453469 0.00016706484137363 0.0004970970136625713 0.01155840403473797 0.01556504479593373 0.01393448360726179
 1 0.0005512504429546187 0.0002182494310654859 0.0005517496522153777 0.01429033076712539 0.0124219646309142 0.01224085075820987
 1 0.0005360590574129014 0.0001587419004876531 0.0005681719529050549 0.01798771172266938 0.01540491019593672 0.0166517587237471
 1 0.0005096548419413078 0.0002019528483031885 0.0005155344345163353 0.01411161036659424 0.01725758422998354 0.01581530742944871
 1 0.0005125268289866776 0.0001795208172037027 0.000492525155411823 0.01450617176598813 0.01322931417590174 0.01398150689840949
 1 0.0005579606367702825 0.00013862983361566 0.0005188444065114726 0.01545505973132125 0.014658818825165 0.01289217416695041
 1 0.0005106207552433802 0.0001681246260738611 0.0005295677851128929 0.01374436643274017 0.01669041598943 0.01644066382587648
 1 0.0004886391903757758 0.0001903349957741452 0.000543190135752408 0.0132654636155937 0.01810500554489713 0.01748243593471156
 1 0.0005914463619656192 0.0002062425453422275 0.0006049041842620402 0.01701837001270777 0.01672519825269435 0.01434097382626163
 1 0.0004819714314654308 0.0001478465232096686 0.0004893693801102275 0.01528275610378557 0.01288590187414875 0.01190225193892138
 1 0.0005819028399864589 0.0001257604423321111 0.0005671490892402261 0.01558691042013425 0.01186932322659179 0.01219462057743873
 1 0.0005072145898057872 0.0001608837336554641 0.0004705852855806854 0.01576073100076746 0.01528712929950091 0.01621566339670824


