# Created by Octave 4.0.0, Sat Apr 09 09:51:01 2016 BRT <uluyac@uluyac-note-ubuntu>
# name: m_a_teste
# type: matrix
# rows: 1
# columns: 100
 0.5 0.8388020833333334 0.9572916666666668 0.9669270833333332 0.97109375 0.9690104166666668 0.97109375 0.98046875 0.9877604166666668 0.9861979166666668 0.9916666666666666 0.99140625 0.9924479166666667 0.9932291666666666 0.9947916666666667 0.9958333333333332 0.99609375 0.9981770833333332 0.99921875 0.99765625 0.9989583333333334 0.99921875 0.9994791666666666 0.9989583333333334 0.9986979166666666 0.99921875 0.9981770833333334 0.99921875 0.9986979166666666 0.9986979166666666 0.9989583333333332 0.9989583333333332 0.99921875 1 0.9997395833333333 0.9989583333333332 0.99921875 0.9989583333333334 0.9994791666666666 1 0.9994791666666666 0.9981770833333335 0.9989583333333332 0.9989583333333334 0.9986979166666666 0.9997395833333333 0.9997395833333333 0.99921875 0.9994791666666666 0.9997395833333333 0.9989583333333332 0.9981770833333334 0.9984375 0.9994791666666666 0.9994791666666666 0.9989583333333334 0.9981770833333334 0.99921875 0.9989583333333334 0.9997395833333332 0.9994791666666666 0.9989583333333336 0.9994791666666668 0.9986979166666666 1 0.9989583333333334 0.9997395833333332 0.9997395833333332 1 0.9997395833333333 1 0.9997395833333333 0.9997395833333333 1 1 1 1 1 1 1 1 1 1 1 1 1 1 1 1 1 1 1 1 1 1 1 1 1 1 1


