# Created by Octave 4.0.0, Sat Apr 09 09:51:01 2016 BRT <uluyac@uluyac-note-ubuntu>
# name: m_a_treinamento
# type: matrix
# rows: 1
# columns: 100
 0.5 0.8361979166666668 0.9580078125000002 0.9704427083333336 0.9723958333333333 0.9726562500000002 0.9724609375000002 0.982421875 0.9865885416666668 0.9870442708333332 0.9902994791666666 0.9918619791666667 0.9936848958333334 0.9942057291666668 0.995703125 0.9972656250000002 0.9974609375 0.9975911458333334 0.9988932291666666 0.9983072916666667 0.9988281250000002 0.99921875 0.9995442708333334 0.998828125 0.9986328124999998 0.9994791666666666 0.9990885416666666 0.9994791666666666 0.9992187500000002 0.9985677083333334 0.9994140625 0.999609375 0.9994140625 0.9996744791666664 0.999609375 0.9994791666666666 0.9994791666666668 0.9993489583333334 0.9993489583333334 0.9994791666666666 0.9994140624999999 0.9988932291666666 0.9989583333333332 0.9989583333333334 0.9990885416666666 0.9989583333333334 0.9994140625 0.9989583333333332 0.9990234375 0.9994140625 0.9988932291666668 0.9989583333333334 0.9988932291666666 0.9990234375 0.9990885416666666 0.9991536458333334 0.9989583333333334 0.9993489583333334 0.9990885416666668 0.9992838541666667 0.9994140625 0.9995442708333335 0.9992838541666668 0.9995442708333334 0.9994791666666668 0.9994140625000002 0.9995442708333332 0.9997395833333332 0.9995442708333334 0.9998697916666668 0.9998046875 0.9996744791666666 0.9998046875 1 0.9998046875 1 1 1 1 1 0.9999348958333332 1 1 1 1 1 1 1 1 1 1 1 1 1 1 1 1 1 1 1


