# Created by Octave 3.8.2, Thu Feb 12 11:02:57 2015 BRT <uluyac@uluyac-linux-note>
# name: inds_perms
# type: lazy_index
# name: index_value
# type: matrix
# rows: 1
# columns: 7
 5 7 10 11 16 19 20




# name: n_blocos
# type: scalar
24


