# Created by Octave 3.8.2, Sat Apr 18 11:34:07 2015 BRT <uluyac@uluyac-linux-note>
# name: Metricas
# type: matrix
# rows: 18
# columns: 6
 0.01414901092458102 0.01264713257145931 0.01389895248567987 0.0001929002778612172 4.30850225901969e-05 0.0001831264220598907
 0.01621476219917394 0.01261356007691318 0.01440273253591079 0.0003457111702746436 7.02163147032241e-05 0.0003263732356349855
 0.01750101401071017 0.01115109336379345 0.01616296559293929 0.0005110110245296281 0.0001103759003162456 0.0006091771426996662
 0.002350907273029027 0.0004861828543939083 0.002014741342888787 0.01893347659916477 0.01792865287820688 0.01922416979214737
 0.02411827872697814 0.0142813165888539 0.02348134742671883 0.0001370745570606865 3.703236402220951e-05 0.0001514582757390886
 0.02245815487983877 0.01262269006111974 0.02146292373792521 0.0001125185825164761 3.223750941440174e-05 0.0001290245240733287
 0.02361177513071619 0.01470115988159909 0.02284883395876682 0.0002451418591646538 5.676819349683876e-05 0.0002004507529261721
 0.002154654528077729 0.0006388286625236224 0.001989879199020878 0.02078907695711658 0.01940919307182856 0.01897187083783011
 0.0299180495884356 0.01334661500144833 0.02857186288835484 8.76747890289021e-05 2.284380177783189e-05 9.237613746813457e-05
 0.01959137937682959 0.01233297341782181 0.02052651371979364 0.0001061626529977786 2.863046898601424e-05 0.000117727801549915
 0.001797575816474856 0.0005562254330533633 0.001694944952671419 0.01906414682703557 0.01243696129262858 0.01656756301395802
 0.02464930579212557 0.01412054595136678 0.02411754733295959 0.0001107728488947146 3.067074923459648e-05 0.0001220119374696047
 0.002062050012652849 0.0004951092734083842 0.001823292782027084 0.01728704967274697 0.004859612353822627 0.01833724237266098
 0.01919397722932797 0.01221769365035301 0.02145456980990515 9.763098210386092e-05 2.345320383144537e-05 9.040077621245143e-05
 0.01841087788558434 0.01221336071410467 0.02056305593639726 9.710827407830051e-05 2.338343186387968e-05 9.040026236891258e-05
 0.0260714412690376 0.01526556322734725 0.02637661498637945 7.696905859666399e-05 2.11543323050264e-05 7.688519704824145e-05
 0.001857002284190098 0.0005841928794335828 0.001851913682007869 0.01906529501954283 0.01124829064102476 0.02006587517832697
 0.02523202716200118 0.01555114182779075 0.02625166180073456 6.33437790149179e-05 1.96969327984582e-05 6.451947946177423e-05


# name: saida
# type: matrix
# rows: 1
# columns: 18
 0 0 0 1 0 0 0 1 0 0 1 0 1 0 0 0 1 0


# name: etiquetas
# type: matrix
# rows: 1
# columns: 18
 0 0 0 1 0 0 0 1 0 0 1 0 1 0 0 0 1 0


# name: acuracia
# type: scalar
1


