# Created by Octave 3.8.2, Fri Apr 17 14:37:14 2015 BRT <uluyac@uluyac-linux-note>
# name: Metricas
# type: matrix
# rows: 72
# columns: 6
 0.02381342962874031 0.005683170352024898 0.02446651716478068 0.0005112926914575034 0.003486877260715296 0.000435057169688495
 0.023861488677016 0.005809272722462974 0.02220208055337477 0.0005124853896119551 0.002301175071322877 0.0004559567842387367
 0.01563183722894196 0.00270278403791308 0.01695505330918198 0.0009794023383639489 0.01520769454517987 0.0005390815465267653
 0.02051336064249878 0.003904324787975096 0.01943782891661008 0.0008857721023943138 0.005143615724481497 0.0007680732220359494
 0.02624571473868002 0.003183556283286678 0.009921391606564932 0.006376057366069054 0.00147722906269896 0.01022719537655096
 0.009998273817029765 0.001309407953187049 0.01075321975192433 0.0001935125986901672 0.000154815121172913 0.0002789665510064437
 0.01317915209602267 0.002128654141809619 0.01190884602899267 0.0004833831078158211 0.0001389646379907625 0.000455123619392537
 0.02473928736289505 0.004962481587922569 0.02415516311776414 0.001062652061008254 0.009697683272302676 0.0009620217393315112
 0.01843099984236682 0.004286107690556326 0.0215509110100638 0.0006252656912652182 0.004587871727456836 0.000661651995831228
 0.0247234797515718 0.006911033668485667 0.02403476794070498 0.0003973758744855667 0.001278927623391484 0.0004259023069029979
 0.01808200564242891 0.004271213591001551 0.01698701917758555 0.0006576144494230954 0.008497470679882019 0.00054578436622773
 0.0204805151590884 0.003861508350411747 0.01966860375974197 0.0006088235634753683 0.003940810275439873 0.00056014933584219
 0.02560689423063499 0.006415836116005482 0.02603027350509854 0.0008812540411825897 0.003998789479155925 0.0007332660005665356
 0.02369145866380145 0.007224585978044459 0.02467524077063014 0.0003791381209730529 0.001448437544262451 0.0003625048584104902
 0.02253859849582249 0.003434979653374348 0.02007662913850493 0.0005763007130392556 0.01289550867063933 0.0008105076874455135
 0.02469731147742459 0.004142719009589727 0.0230723570615333 0.0006509311934151371 0.005967516569952465 0.0006066177896238789
 0.01093078952007497 0.001448760096073668 0.008244122058917948 0.008759140814882358 0.02288102820846433 0.009466095730571998
 0.007489564069517876 0.002671880715968299 0.006825044697633741 0.016724462863551 0.02094528581527438 0.01948262558461141
 0.02159061442316424 0.003706004654058426 0.01638578184149424 0.0003585267560082435 0.005961242986706745 0.0006677723054150178
 0.02021765467901183 0.004295825440076331 0.02016627369280892 0.0003610939526987574 0.00192426002109696 0.0003491208956741015
 0.02175765859241063 0.006196776369441539 0.01889508007127006 0.0004021885302342769 0.00118916979736773 0.0004413422160536449
 0.02234358112225619 0.005267722951407774 0.01717194075668833 0.0004241124464266141 0.00209120288518239 0.0005076323028757231
 0.02216162149166475 0.005325454720481787 0.01890932891333438 0.0003993592272394901 0.002068418868403225 0.0004587889304555835
 0.01985279003417124 0.004249383303720739 0.01591340849777104 0.0003267651572595271 0.001182490123289262 0.0003430190266688265
 0.0175363179708379 0.00225264554150865 0.0150146527344251 0.002821148618318905 0.003303200160522829 0.002817769550601821
 0.0103575659109212 0.006593938701585916 0.009201107555146576 0.02483812793842083 0.01555804698376837 0.02665332243459897
 0.007487246965034316 0.003082181695988296 0.00860098073160718 0.01668662587254226 0.02206170171226473 0.02010538522741912
 0.008977639939022945 0.003467940644402573 0.008565792330452756 0.01233482754543705 0.01810410196815084 0.02165420294548588
 0.007523950293434072 0.002245778881024075 0.006910958230364638 0.009649592822518498 0.02381103180945602 0.01775900966207076
 0.008025313278480479 0.002079984604752988 0.006600236361131196 0.0212830539371749 0.01652622843513311 0.02748749383622203
 0.02130477877162977 0.008504158413795563 0.02002082134829475 0.0003370361955387408 0.001081197670416848 0.0003839952237306447
 0.02039277542552305 0.004331752853832057 0.01658240837000496 0.0003503023966160164 0.001796697181434136 0.000417760184003344
 0.02337124264399264 0.005929946792759066 0.02056753319562692 0.0004260189611178143 0.001572420123251687 0.0004025802182585486
 0.01757562051509474 0.00377976506801267 0.01600328486701782 0.0003467007267375054 0.001220765750381053 0.0003716827811970272
 0.02030764654784077 0.004198720263308045 0.01877150128221083 0.0006961722114563253 0.006526705960296685 0.0006695074573195515
 0.01609508745702374 0.003539831721410164 0.01252205177665036 0.0005075248074559304 0.006293327029136015 0.0007698034689441205
 0.01019253145771166 0.002601946883876214 0.009282472506273476 0.004709490270719523 0.004835822560500654 0.004197317846031006
 0.008877526485760418 0.004176301796780463 0.008012320865640361 0.01808545407647225 0.01492292708629435 0.01432312020156384
 0.009271787831920279 0.003799145167677011 0.008282510173656226 0.01967256424785839 0.02036130219419501 0.01992951108378876
 0.00648817629836878 0.003250836361360291 0.007308401602672267 0.02393040675458259 0.02084721181409801 0.0221149611993154
 0.008763536119550499 0.003215618267141594 0.009066710249120992 0.01975147752845674 0.01789129594326336 0.02335748631509121
 0.007487395879292138 0.002369600410822344 0.007463842209565811 0.01856991522976718 0.02130761203219089 0.0186494456344187
 0.02089309133477661 0.005133828624303382 0.01827605050098504 0.0003403025249971142 0.00170617298461161 0.0003693265469873339
 0.02181175602219492 0.005219519833655381 0.01965125618386548 0.0002841993365862219 0.002752746347401178 0.0003344974297580192
 0.02213661287635073 0.004942727422491125 0.0224894866353051 0.0003805966696909678 0.002221351086024699 0.000353067481832392
 0.01963013624993241 0.00400547468564898 0.02050547818172321 0.0003940005704564429 0.002466188788347132 0.0004555786720405902
 0.01807177820594093 0.00411059961705574 0.01719541335150203 0.0003723133678383591 0.002213511245998041 0.0003445471210642277
 0.01959737179622721 0.003678562349172454 0.0182757206016797 0.0005809427268743616 0.007092817965150659 0.0007827093037050172
 0.01948488624914817 0.00174488784177632 0.0217917565285968 0.003042493618157011 0.00298923552891436 0.002828950812242595
 0.005998565486945589 0.002191734088170937 0.006511732137078532 0.02445929616353024 0.02583778989197454 0.02051191096244433
 0.01811691256405385 0.002857400436678255 0.01952067710942332 0.0003606611098354341 0.005763924861716303 0.0002999941901165156
 0.02116225186518065 0.004511460987358042 0.01867455244622039 0.0003542198500876622 0.003026664656734642 0.0003545140623641426
 0.01765776325790944 0.003486475919407877 0.01720902335059888 0.0004589239372379913 0.006237754033613446 0.0004379495111115706
 0.020676160784859 0.004215818396331093 0.02016473326365259 0.0003433684046048606 0.003367632462216782 0.0003834163711593111
 0.02179236740794387 0.00551696619352145 0.01944251983146301 0.0003405206935300403 0.001294247220738577 0.0003061450247007962
 0.01543063574440412 0.003312628858218094 0.01472126188138464 0.0005281245217614284 0.00601204624726587 0.0004773639815157307
 0.02182791133598678 0.004594812137180507 0.0208948136441191 0.0004556507441923571 0.003243422035353327 0.000464549011897424
 0.01566264596227452 0.003582609798561148 0.01792712500703583 0.0006300487384117228 0.00396659180291717 0.0005173305439284134
 0.01801627565647916 0.00471883770873619 0.01496691974410882 0.0004721244802877786 0.002502708428152798 0.0004770653107552307
 0.0149127339238122 0.002955510772631201 0.01714489972059805 0.0004312919565364115 0.003726028854922515 0.0004766154931977024
 0.03192125874045174 0.005311355456535533 0.03085237918382814 0.005225843536615293 0.002914570953920513 0.005418826963735843
 0.0121150557640086 0.003339874023263384 0.01270941309969506 0.003995146157585688 0.01791071161113321 0.003773008220677205
