# Created by Octave 3.8.2, Fri Apr 17 15:35:17 2015 BRT <uluyac@uluyac-linux-note>
# name: Metricas
# type: matrix
# rows: 72
# columns: 6
 0.01563934355115542 0.005553224493992448 0.01708232251236697 0.0012824349555699 0.001926173256016504 0.00144580451330121
 0.01434921107769529 0.006677667090358459 0.01572086950321385 0.001241811945379911 0.001211049282566138 0.001483710221796144
 0.008237958480923529 0.001125887728704654 0.008423676218101516 0.02344798644490997 0.0389214211290986 0.01818351325472895
 0.007377417196431757 0.002402926599557435 0.009064465360545901 0.01619843539151799 0.02416217205923867 0.01056823075262759
 0.01705541897171767 0.00339417558945647 0.01241737510024322 0.006649810541273047 0.008632111486299098 0.005215646464157388
 0.009141379467755509 0.002651260800973402 0.01087438673602346 0.0006025987711442591 0.0003249483277660917 0.0005653438924501983
 0.00606061875932403 0.001377311061498434 0.006336502839902202 0.0001139925257502896 0.000122690991513596 0.000113562504529291
 0.006662477507264314 0.002866198917236902 0.006408643450768463 0.02310662338854901 0.02037612875948211 0.02393970347711818
 0.01130087049977789 0.005014564382606553 0.0119325291176933 0.00621280060778461 0.01389874095912344 0.01319284914727523
 0.0101749909756771 0.005197281326072118 0.01217517660840143 0.002133828177483362 0.00277308423644365 0.001782149618219447
 0.007483756758717497 0.002042599158074531 0.00804711605826372 0.01860235836279883 0.01929858851895347 0.01669597323250879
 0.01085598613517759 0.002235359866753309 0.009734593869395637 0.01026952943089251 0.01080369886213412 0.009914975413221888
 0.01581975544571872 0.005509350574403726 0.01642804501669695 0.003869535059992023 0.004025124885573635 0.006163394311785379
 0.01336731408724619 0.006509896761846307 0.01285052522435841 0.001304868195874879 0.002147160300291159 0.001799943209002384
 0.009132164390719523 0.003184178179686684 0.008442459453925622 0.02484865721866918 0.01611534674383416 0.02260362047826651
 0.006547250671064925 0.002341297176973627 0.005932366949466611 0.02372172444866154 0.01973249086150559 0.02285599008008024
 0.009718913973863562 0.002786733165546818 0.008755865197875853 0.0082826274591006 0.01352756861625622 0.01522939773537771
 0.01294624858690917 0.003484076890422947 0.01163809219042878 0.00264159875308825 0.009596351275787429 0.006995361657855806
 0.007711100232812065 0.002949607568247215 0.00811469901847409 0.02253052760395227 0.01986661808116144 0.01931240573583475
 0.008368722459340713 0.002746457001471923 0.008488374661004921 0.0187557349524359 0.02004428471847571 0.01674285605057963
 0.01126654656869996 0.003178368985077296 0.009987100877997196 0.002942152113633065 0.008444474368958611 0.006025101227332445
 0.01223744492550895 0.003260582910737412 0.01150292580275101 0.004965248178937134 0.005081421170263011 0.003877753287980797
 0.009205414186952879 0.002650494538851208 0.009042981663284813 0.02109006858546124 0.02124421876278156 0.0186845870098123
 0.009042796656893582 0.002883651771670534 0.00864855527090239 0.02054902476899823 0.01748648855614938 0.01503731907979339
 0.01774253707146719 0.007107244277421294 0.0187586177030971 0.002885853596137881 0.0026838924514969 0.002820816865166105
 0.01159375031218887 0.00699204214133893 0.01192427385915173 0.01415803044130041 0.009545051181386615 0.01380751275763088
 0.01258350577552883 0.005472472452715847 0.01253385549136495 0.0009869905958430237 0.00421800837790782 0.001128419959255547
 0.01175850661106051 0.004211811135232693 0.01239089156653807 0.004950858114226527 0.006899964153811175 0.005406141482330947
 0.01460123696322129 0.006395699178241163 0.01471898146259633 0.0008808650603078389 0.002813499937853169 0.001050980026774097
 0.01235150652087609 0.003385732571625944 0.01269781436504669 0.001769428957805794 0.005362629093622208 0.00194797723173005
 0.01238699269599766 0.005414766470326791 0.01288099597293608 0.001117937684412539 0.002556958129268961 0.00178464359857816
 0.009531866393085901 0.003710453257370722 0.009338758976752683 0.001668630214396726 0.01470898138789381 0.003085720368868494
 0.007155533364446598 0.002840714231624499 0.006384697480704096 0.02270847383753009 0.02206393507921948 0.02338268293867657
 0.006146165439213622 0.002203751031615132 0.005762004665380223 0.02659222203377634 0.0227179684158701 0.02322918075886418
 0.01022337148582611 0.00348648401249161 0.01192702099637823 0.01192833275262678 0.009969328805388148 0.00466296422935181
 0.009374855553379215 0.002733365090567333 0.00893604424827759 0.005577907120036724 0.01183846034326487 0.00647597588099248
 0.01400242828835921 0.003123524532846362 0.01238650786052961 0.002456026539188422 0.002461739141245651 0.004306138633107438
 0.01009244481701282 0.004712648939853369 0.0106196694097952 0.001449591356776882 0.01733492906908564 0.002686879580537598
 0.01225166493314559 0.006453179736410003 0.01301598773182921 0.0007026084426880922 0.01033764209829401 0.001122392759445266
 0.01193871446854455 0.003806230355910144 0.0130922735572602 0.001262788221753724 0.01242834765649293 0.002193185851324746
 0.01077465165277794 0.006399131412984626 0.01044629103757139 0.00293830768312261 0.008067791518686121 0.007913112285828815
 0.0101127681174218 0.005169727411954221 0.01079182377552354 0.001910767299447662 0.006055391018930629 0.002857737010105088
 0.01463896058921348 0.003817066965779191 0.0123669831317386 0.001034134015464035 0.004621619931309291 0.002188529403705179
 0.01283825334768416 0.003150972394276169 0.01025698657466899 0.0007223252313739592 0.002685934314153215 0.001988807490578315
 0.008567155564378688 0.00265599719740367 0.008205103820358986 0.01712830001598693 0.01759907777092073 0.02068006099514773
 0.006644534729438908 0.002165468505209837 0.006215902094721289 0.02146359046627021 0.0147462990205308 0.02341759617807926
 0.01079423212749669 0.005271618520488427 0.01185292441086103 0.001318446417948222 0.005292912518200183 0.002145504118073618
 0.01536566221593962 0.002672859031133131 0.01293932719283554 0.002004153239663979 0.004338315140194513 0.002675978676089763
 0.0186574873464743 0.001396380709893395 0.02139457723701783 0.003065013430662824 0.002999906454502753 0.002940118134903593
 0.006624603734671154 0.002450697118049413 0.006632990759728914 0.02203985278891055 0.02439789887420191 0.01858943571801725
 0.01034622018558468 0.004064826023825519 0.009582599600820037 0.001886133717614303 0.008545050285113103 0.006339649086166509
 0.01039170532624935 0.004159975379985997 0.01006663443709573 0.001550561796458728 0.01849671130478341 0.002117596440152886
 0.01277549554888271 0.004743710061218543 0.01204717064606664 0.001782134050589575 0.0155522903220024 0.004461205876828875
 0.01215832000831208 0.005152873681983043 0.01027007815211598 0.001926236405393303 0.01055584127817276 0.002724177169612026
 0.01098023765689312 0.004005145358632115 0.01116562655832231 0.0008716055134420947 0.00493167966357072 0.001398750246276352
 0.009598037059660898 0.003793814458431569 0.008650155827811458 0.009782414045557609 0.02286416285457148 0.009198146798566034
 0.01019573602298939 0.004657522383029146 0.01065697353524534 0.002401283138500355 0.006059536719231426 0.0026808431053637
 0.009769965717308109 0.003937774133369297 0.01020555179283974 0.003282680391380885 0.01618755544060126 0.007722738684462932
 0.009428914227327877 0.003714844881279393 0.008921613320690329 0.004541929927615134 0.01225409751246996 0.004631727365973083
 0.01027747668048448 0.002839664615653025 0.009140504344228181 0.008049002258731357 0.0208826841762085 0.01309245105118585
 0.03292985170784025 0.004621550046642902 0.03191922049128909 0.005499391280076251 0.005453916834776571 0.005413349535442891
 0.01224426428884112 0.003430553775628362 0.01282998922442688 0.004319005880989963 0.004229266092220714 0.003752395826360316
 0.01255848484692644 0.005806216375349583 0.01328720475027387 0.006413068292749971 0.006668465218977397 0.01042619688557152
