# Created by Octave 3.8.2, Sat Apr 18 11:31:25 2015 BRT <uluyac@uluyac-linux-note>
# name: Metricas
# type: matrix
# rows: 72
# columns: 6
 0.03571792137574839 0.02534789169815087 0.04220259694922385 0.0006702503435886552 0.0001881650529383315 0.0006745647421260748
 0.03403706200005629 0.02880575440619405 0.03134682376028072 0.0008565850737780941 0.0001980062921631569 0.0008491282068898333
 0.01421250605715239 0.01602391474610639 0.01714408441712482 0.001443163017000998 0.0006547311137210921 0.001323531354217756
 0.02997891985598992 0.02527579691320815 0.02850585790758132 0.001393381940728214 0.0002984749851749423 0.001123964350102464
 0.01599845031150829 0.009918055028465262 0.01433864451994182 0.002290812207972039 0.001454837024242393 0.003746618529376643
 0.005384970546163292 0.001337638208635133 0.006927734357066927 0.0007287223200753398 0.003546935786080702 0.0007296147035847685
 0.005510099025907407 0.002072427699333418 0.006766813518294739 0.002606591930094792 0.006705860387562769 0.002258864904140723
 0.008372783230734263 0.001706895271889753 0.008716677318976974 0.02391391629601973 0.01923391022726673 0.02253794163364435
 0.04043531340460908 0.02906837132801519 0.04850171049911453 0.0007984285818584741 0.000206628297459646 0.0007940306296047011
 0.03293556230872971 0.02267893758443197 0.03331261733031497 0.0006669665231722408 0.0001672363682570828 0.0006810614497306983
 0.05317670344474744 0.02906041439026216 0.0608994146495493 0.0007230603843947428 0.0001784251746003885 0.000809173102950202
 0.04642173969324826 0.02795855536052887 0.04971635832365214 0.0004768876043784178 0.0001404319783196584 0.0005122299402036386
 0.03147014042400745 0.02898485466605028 0.02958599001711213 0.001013601600325983 0.0002122462560490742 0.0009382074078588817
 0.0366889070399543 0.02650622604035257 0.03569044978122202 0.0005730117500966689 0.0001193141912812542 0.0005556505493952394
 0.04275015133844456 0.0313397407989081 0.04224616623806704 0.0008227398709974025 0.0001988440375666652 0.001019938237047573
 0.02570932039499665 0.0217707065640646 0.02429382660031242 0.001253650475005347 0.000228556900714757 0.001158607757583656
 0.03315558424211637 0.02099918222563955 0.03334936858980313 0.001766027889809759 0.0003042792342564147 0.002128670950209555
 0.04366533062432809 0.03152007644012723 0.04507477746068031 0.0007034993290865134 0.0002003881588680609 0.0009052342055759155
 0.008404429750038857 0.002008184238522785 0.007996747548714409 0.02245065548127683 0.01868112752570514 0.0249450861226293
 0.008283317202357823 0.001917413703741415 0.00662430459548023 0.01520788340423499 0.02222516676625187 0.02179052833801361
 0.06137911220916663 0.03522373493145398 0.06182389334965906 0.0003856825561494344 0.0001125017920399582 0.0004458202012923845
 0.05374998444380364 0.03174472777981444 0.05436181861246583 0.0004232266620511335 0.0001310972661933091 0.0005181244618838592
 0.04805805870443482 0.02710754007128609 0.04253161336535418 0.0004809484145640172 0.000134049947530695 0.0005861799836021674
 0.04135266410073234 0.02194483299374561 0.03832130361312609 0.0002885373829076659 9.051112301469794e-05 0.0003324473041364141
 0.02946900707436441 0.02853066684390988 0.0275843807401491 0.002562273781736286 0.0004902885575481967 0.001222696858843047
 0.03344376159678319 0.02928606084413899 0.03698467096940469 0.001945038668093379 0.0003978216420068875 0.001438823854069206
 0.007214639960279629 0.002111415681354028 0.006649790743629307 0.02318687413603643 0.02556932113039724 0.01782019041407857
 0.007937822535195318 0.001545768070401513 0.007147459722579018 0.02474809390646802 0.01944084609906681 0.01916051218880742
 0.05831118484904207 0.03068072108766982 0.05553160709048913 0.0002526544351276819 8.151597080540816e-05 0.0002757746632554493
 0.04397258010556686 0.02062044089985039 0.03916323660857562 0.0004398687734599928 0.0001042984441511146 0.0004537052028069572
 0.05493016862703648 0.03055814160715468 0.05565482209627127 0.0005076199909688002 0.0001408020597492671 0.0005187137345486754
 0.04518098232635326 0.029856691860304 0.04220675473836635 0.000372157401452574 0.0001038150619352262 0.000390914196793583
 0.00661876683680435 0.001791963145628977 0.007202098959573384 0.02629251195735837 0.01944152284686093 0.0163118684538232
 0.008028600977978469 0.001901835887330601 0.007104496509663738 0.02044543696735914 0.01224193814730971 0.01705787489503597
 0.06608216757048689 0.03255248420109082 0.0601325744267644 0.000501221674910311 0.0001253041826011859 0.0005074955867732368
 0.05659751388936883 0.03119557515055714 0.05203053279386048 0.0002971485584692088 9.040287791895216e-05 0.000299330651210921
 0.05248993647627502 0.0347695970943432 0.04994501932704309 0.0007831820033901627 0.0001997956820491787 0.0006285742257074704
 0.05600469214401176 0.03701207607276747 0.05878296909999067 0.000476516680679295 0.000123455503458499 0.0004585930509504824
 0.008851141773464103 0.002290178880342642 0.008931942738875005 0.02131879059157568 0.02964204705392973 0.02252522306846407
 0.007064436526404023 0.001938335892204978 0.005913421594721173 0.02381834729817616 0.02406697518156177 0.0271582807789836
 0.07205647744691322 0.03546990888197482 0.06950924428310666 0.0003589730774600641 9.185830776899151e-05 0.0003600163256730162
 0.0450686827707402 0.02636350120119174 0.04937734427010675 0.0003538323793123194 8.549321931887728e-05 0.0003668594308583113
 0.04153265909787188 0.02339477079299104 0.04572726493397093 0.0004213815303262595 0.0001126315761386202 0.0004945416855209423
 0.04379490443232434 0.02650888031749868 0.04467713647587086 0.0003825776503795823 0.0001036175757841045 0.0004693973064997538
 0.008241495741662296 0.002228940670766333 0.007517972617852882 0.01973647162716841 0.01888169070551729 0.01884435675074305
 0.006690082322779929 0.002181996002038857 0.006638755745817924 0.02186312672136954 0.02203237170050225 0.01626410820832651
 0.04345926058360627 0.0284098630892602 0.04538629453123054 0.000375475276939396 9.740260928448755e-05 0.0003854125904578434
 0.03156852802894092 0.01769764124526384 0.03786854085964676 0.0007985243498712496 0.0002749081346495015 0.001375678315342321
 0.005743399969565305 0.001439538179063887 0.007626155276716754 0.02488739902113459 0.003796008930159661 0.02567015212426632
 0.007741216791872104 0.001917502299164693 0.006261299027829932 0.02135882694955728 0.01748621360887837 0.02314881769412418
 0.0384207733750068 0.02279424532398901 0.0443677215112244 0.0003347727264602809 8.529271993269169e-05 0.0003296200254867073
 0.0523760739498214 0.02573030518416696 0.04724203600797835 0.0003691662045361134 9.695352124366294e-05 0.0003642664246688743
 0.04200503085376764 0.02786878453539868 0.05010074902988036 0.0004115690640261182 0.0001075825298575007 0.0004525187682593302
 0.03989787013922327 0.03201942611894908 0.04307529744878524 0.0004027928921541559 9.529693636686491e-05 0.0004151560118436049
 0.04009276742926041 0.02570894694222523 0.03988970409531977 0.0004428221586354311 0.0001039383862060079 0.0004660575414805374
 0.05411605454186776 0.03349086495426682 0.05401202791352008 0.000254868070702929 7.711108759272747e-05 0.0002568507771957574
 0.008152938006312227 0.002787737834231929 0.006935779168644698 0.02455139598050515 0.02262426291401197 0.02208255019984724
 0.007620921437970558 0.002253023355619894 0.007921590686370857 0.02423519642575786 0.02051797747581074 0.02300970169600922
 0.0543476389550616 0.03136247621663168 0.05557379835589471 0.000264035599023949 8.355335206416576e-05 0.0002684069430466604
 0.04856637161549915 0.02681941073912323 0.04686334364214498 0.0002972711871072095 8.604035486045071e-05 0.0002837120702924754
 0.004286177901011793 0.003117850577438231 0.008135148420794189 0.0272322689337218 0.004978078427394413 0.02090238002208683
 0.006410758643941512 0.002669056960404438 0.006594826583718307 0.02084935373471817 0.005142021591601252 0.02138106388237605
