# Created by Octave 4.0.0, Mon Apr 11 10:06:45 2016 BRT <uluyac@uluyac-note-ubuntu>
# name: m_a_teste
# type: matrix
# rows: 1
# columns: 100
 0.5 0.8635416666666667 0.9541666666666664 0.9531249999999998 0.9739583333333336 0.9729166666666668 0.9770833333333334 0.9791666666666666 0.9739583333333334 0.9708333333333334 0.96875 0.9770833333333332 0.9645833333333333 0.984375 0.978125 0.9750000000000002 0.984375 0.9833333333333334 0.9875 0.9927083333333332 0.9895833333333334 0.9947916666666666 0.9958333333333333 0.9958333333333332 0.9989583333333332 0.9927083333333332 0.9947916666666664 0.99375 0.9927083333333334 0.9927083333333334 0.9927083333333335 0.9947916666666666 0.9927083333333334 0.99375 0.9927083333333332 0.9947916666666666 0.9958333333333332 0.9989583333333332 0.9947916666666666 0.9937499999999998 0.9958333333333332 0.9927083333333332 0.9916666666666666 0.9927083333333332 0.9958333333333333 0.9968750000000002 0.9958333333333333 0.9979166666666666 0.9947916666666667 0.9947916666666666 0.996875 0.9937499999999998 0.9989583333333334 0.9958333333333332 0.9979166666666668 0.9927083333333332 0.9958333333333332 0.996875 0.996875 0.9947916666666664 0.9947916666666667 0.996875 0.9989583333333332 0.996875 0.9958333333333332 0.9958333333333333 0.9989583333333332 0.9947916666666666 0.9958333333333332 0.99375 0.99375 0.9979166666666666 0.9958333333333332 0.9979166666666666 0.9927083333333334 0.9947916666666666 0.9947916666666667 1 0.9958333333333332 0.9947916666666666 0.9958333333333333 0.9947916666666666 0.9958333333333333 0.9937499999999998 0.9989583333333332 0.9979166666666666 0.9927083333333332 0.9958333333333333 0.996875 0.990625 0.9958333333333332 0.9947916666666667 0.996875 0.9927083333333332 0.9947916666666666 0.996875 0.9958333333333333 0.99375 0.996875 0.9958333333333333


