# Created by Octave 4.0.0, Mon Apr 11 10:06:45 2016 BRT <uluyac@uluyac-note-ubuntu>
# name: m_a_treinamento
# type: matrix
# rows: 1
# columns: 100
 0.5 0.8552083333333332 0.9528645833333332 0.9658854166666666 0.9658854166666668 0.9731770833333332 0.9752604166666666 0.9744791666666666 0.97578125 0.9708333333333332 0.9716145833333334 0.975 0.97421875 0.9773437500000002 0.9786458333333332 0.9789062499999999 0.9815104166666666 0.9846354166666667 0.9859374999999998 0.9882812499999997 0.98984375 0.99140625 0.9932291666666666 0.9934895833333334 0.99375 0.9947916666666667 0.9942708333333334 0.9950520833333332 0.9950520833333332 0.9934895833333334 0.9940104166666666 0.9945312499999999 0.9947916666666666 0.9947916666666664 0.9942708333333332 0.9942708333333334 0.9950520833333334 0.9942708333333332 0.99453125 0.9945312500000002 0.9950520833333334 0.9947916666666666 0.9942708333333334 0.9945312499999999 0.9947916666666667 0.99453125 0.9947916666666666 0.9953125 0.9953125 0.9950520833333334 0.9953125 0.9950520833333334 0.9953125 0.9960937499999998 0.9947916666666666 0.99609375 0.9950520833333334 0.9953125 0.9953125 0.99609375 0.9958333333333333 0.9947916666666666 0.9966145833333334 0.9960937499999998 0.9947916666666666 0.9955729166666666 0.9958333333333332 0.9955729166666666 0.9953125 0.9958333333333333 0.9955729166666666 0.99609375 0.9955729166666666 0.9963541666666667 0.99609375 0.9953125 0.9958333333333332 0.9963541666666667 0.9958333333333332 0.9950520833333332 0.9955729166666666 0.9958333333333332 0.9955729166666666 0.9955729166666666 0.9953125 0.9953125 0.9953125 0.9963541666666667 0.9963541666666668 0.9958333333333333 0.9953125 0.9963541666666668 0.9950520833333334 0.9958333333333333 0.9955729166666666 0.9958333333333333 0.9966145833333334 0.9958333333333333 0.9963541666666668 0.9966145833333334


