# Created by Octave 4.0.0, Mon Apr 11 11:02:22 2016 BRT <uluyac@uluyac-note-ubuntu>
# name: m_a_treinamento
# type: matrix
# rows: 1
# columns: 100
 0.5 0.8194010416666668 0.8445963541666668 0.8876302083333332 0.8916666666666668 0.899609375 0.9037760416666666 0.9096354166666668 0.9147135416666667 0.919140625 0.9171875 0.9190104166666666 0.9192057291666668 0.9222005208333333 0.9233072916666666 0.9244791666666666 0.9264973958333333 0.9272135416666666 0.9291015625 0.9265625 0.9256510416666668 0.9287760416666666 0.9289713541666667 0.9290364583333334 0.9291666666666668 0.9297526041666668 0.9303385416666667 0.9294921875 0.9313151041666666 0.93359375 0.93125 0.93125 0.9329427083333334 0.9321614583333334 0.9322916666666666 0.9315755208333334 0.9326171875 0.9333333333333333 0.9320963541666668 0.9319661458333334 0.933203125 0.9350911458333332 0.93359375 0.9358723958333334 0.9344401041666666 0.9355468750000002 0.9371744791666667 0.9358723958333333 0.9380208333333332 0.9378906250000002 0.9366536458333332 0.9354817708333332 0.9358072916666667 0.9391276041666666 0.9350911458333334 0.9384114583333334 0.9391927083333332 0.940299479166667 0.940755208333333 0.9389973958333334 0.9397135416666668 0.9406250000000002 0.9378255208333334 0.9413411458333334 0.9392578124999996 0.9384765625 0.9429687500000001 0.9422526041666665 0.9427734375000002 0.9412109375 0.9421223958333332 0.9422526041666666 0.9436848958333334 0.9426432291666667 0.9425130208333334 0.9439453125000001 0.9438802083333334 0.9427083333333333 0.9431640625000002 0.943359375 0.9430338541666666 0.946875 0.9449218749999998 0.9460937499999998 0.9436848958333334 0.9448567708333334 0.9458984375 0.9453776041666666 0.9440755208333332 0.9452473958333334 0.9478515624999998 0.9441406250000002 0.947265625 0.9454427083333332 0.946875 0.9458333333333334 0.9470052083333332 0.9477864583333334 0.9462890625 0.9465494791666668


