# Created by Octave 4.0.0, Mon Apr 11 11:02:22 2016 BRT <uluyac@uluyac-note-ubuntu>
# name: m_a_teste
# type: matrix
# rows: 1
# columns: 100
 0.5 0.821875 0.8552083333333332 0.8848958333333334 0.8888020833333334 0.90546875 0.8968749999999999 0.9041666666666665 0.9151041666666668 0.9135416666666668 0.9190104166666666 0.9229166666666668 0.9130208333333332 0.9236979166666668 0.9328124999999998 0.9231770833333333 0.9239583333333335 0.9270833333333334 0.9231770833333336 0.930989583333333 0.9296875000000002 0.9322916666666666 0.9296875 0.9325520833333332 0.9283854166666666 0.92890625 0.9325520833333332 0.9346354166666666 0.9346354166666666 0.93515625 0.9286458333333332 0.9260416666666668 0.9354166666666668 0.9231770833333334 0.9281249999999999 0.9315104166666666 0.9302083333333334 0.9367187500000002 0.9369791666666666 0.9302083333333334 0.93515625 0.9330729166666668 0.9312500000000001 0.9315104166666668 0.9343749999999998 0.9361979166666664 0.9343750000000002 0.9335937499999998 0.9421875 0.9401041666666666 0.9382812500000002 0.9322916666666667 0.9286458333333334 0.93984375 0.9385416666666668 0.9361979166666667 0.9411458333333332 0.9322916666666667 0.9377604166666667 0.9419270833333332 0.940625 0.9421875 0.9348958333333333 0.9440104166666667 0.94140625 0.9393229166666668 0.9447916666666668 0.94296875 0.93984375 0.94765625 0.94140625 0.94609375 0.93984375 0.9455729166666667 0.9440104166666667 0.94765625 0.9434895833333334 0.9416666666666667 0.9434895833333334 0.9421875 0.9432291666666666 0.9424479166666666 0.9408854166666668 0.94453125 0.9434895833333334 0.9411458333333333 0.94609375 0.9473958333333332 0.9437499999999999 0.94453125 0.9507812500000001 0.9442708333333334 0.9479166666666664 0.94375 0.9432291666666665 0.9466145833333334 0.9424479166666668 0.9518229166666667 0.9458333333333334 0.9489583333333333


