# Created by Octave 3.8.2, Fri Apr 17 18:41:01 2015 BRT <uluyac@uluyac-linux-note>
# name: Metricas
# type: matrix
# rows: 72
# columns: 6
 0.01107783902333477 0.002799744156478651 0.009657913933961534 0.009306776410271446 0.009862091931896804 0.01059862450811031
 0.01005795304448381 0.00220243272500991 0.007116887167019111 0.006424291044448226 0.003947997937015949 0.02218240075477102
 0.01171205765737085 0.001357723456251466 0.007591109973938219 0.01619488592320921 0.006870352080642952 0.0216248140850194
 0.008073751112741069 0.003018725124571465 0.008993953557997734 0.01261447502839945 0.009598418211038285 0.02220154077672278
 0.0279705877677572 0.009402141984546921 0.0279319088935637 0.01033839504207602 0.007631154817106412 0.0127233640602281
 0.02130142260232596 0.007058338547749436 0.01166786473168963 0.0082509340795789 0.01224328692204793 0.001498627201257439
 0.01211944020237245 0.00378631429252546 0.007915095926916211 0.0001781586454988494 0.0003372916682842925 0.0001970638355476249
 0.02411136439693 0.02431144908401821 0.02377519299107858 0.001084704724421945 0.0007172954778945661 0.001376653966715233
 0.02451618909608686 0.02226828960334911 0.02326886156780814 0.0004001283471422062 0.0003450914723128396 0.0005204419991128454
 0.01812153258075837 0.0174535056989614 0.01889861982445313 0.0003417539074142948 0.0003028106817965594 0.0006341501312002346
 0.00805078448048715 0.002370703146714108 0.008217560996492609 0.01203729954170961 0.005653890267612038 0.01741128489563868
 0.009253580178981691 0.001861771267060875 0.007089877804402017 0.008715329037629754 0.01136801334149362 0.0125542820664036
 0.01044472535614484 0.002257272840968223 0.009769000533832681 0.005018406114401224 0.005556914394060975 0.005251056394923096
 0.007506773163943572 0.002156819871588805 0.006866793644448181 0.02284335411263908 0.0270248018812441 0.02335212689323371
 0.007816536499122664 0.001934694796261252 0.007026281741386597 0.02360256684719848 0.02159622850519722 0.02070711038676817
 0.007099984016604785 0.002137274495548288 0.006558719221290652 0.02211159807891557 0.0205952667139527 0.02177942418952195
 0.02052322527522518 0.02010768066759106 0.02111133881913399 0.0006524872976386139 0.0009071537553193344 0.002247453759096382
 0.02788814198753712 0.0230559880738587 0.02177347332356921 0.0003089452683796707 0.0003319928027442256 0.0009470920312966558
 0.02921372650414597 0.02891670793943748 0.02714575408131072 0.0001510276228382518 0.0001595255058653329 0.0003800347442552884
 0.02732298004211663 0.0224158508416776 0.02293848650586503 0.0002085056451523253 0.0001515658839617671 0.0002989723860330842
 0.02956788986984672 0.03240308446076885 0.02751384565868458 0.000160105786209019 0.0001490332431624747 0.0002749557769978149
 0.0279140968041649 0.02948450106198011 0.0255124649460415 0.0001448540225321729 0.0001830440036383759 0.0003368571575016917
 0.008177084814476886 0.002118627380246228 0.007843955405462798 0.01988886057243276 0.01975650989433056 0.02286231858360982
 0.007877521212634728 0.002389475875075808 0.007329471799061272 0.02204499507521054 0.02393332630155772 0.02275723746549783
 0.03028485522175875 0.01883031041153903 0.02024904618354291 0.001787358008941049 0.001454558915680148 0.004778335811582411
 0.02612383976092939 0.02306153834070898 0.02305436496809571 0.0006312505984433532 0.0006686366220402013 0.0009433310676787214
 0.006894792274802857 0.002586373312362461 0.005770712208890125 0.01919958621992893 0.02431379862334969 0.02443231565767454
 0.008546873612080568 0.003497793424824666 0.007745443528523448 0.02271573050178585 0.02052705332695656 0.0264956191775842
 0.02352660646567742 0.02828831104431083 0.02960639853717302 0.0001097283066747876 9.683631792478138e-05 0.0001991204680105691
 0.02645245946886418 0.02039317194844523 0.02025202495000871 0.0001823598502489086 0.0001682347270405541 0.0004533622029927014
 0.02475984445493823 0.02971200548564481 0.02637565392180864 0.0001747127188113332 0.0002112599542343203 0.0004987757460739354
 0.02642622752700833 0.02532117532450261 0.02244843594286774 0.0001672544951131336 0.0001409427793244895 0.0002892472137569453
 0.02829204000247745 0.02399955681934543 0.02356680095228149 0.0002726202888255767 0.0002119079019956742 0.0004672292815714787
 0.02805589090639059 0.02609973033661149 0.02406675773644178 0.0001382470407196569 0.0001209399171042868 0.0003008085969666814
 0.009131466616958401 0.002696813974616285 0.007968808524744062 0.02250115962546136 0.02313982784793133 0.02275227668986239
 0.007729059014731302 0.00219017272517845 0.008051622644650929 0.02056135026028866 0.02296611817432804 0.01803857628662369
 0.03133399825619689 0.02785707636677979 0.0320783185140294 0.0003906366566907798 0.0002959645890342763 0.0005696675313808327
 0.03030192728394098 0.02993931965723714 0.0355841517248896 0.0002646083461723009 0.0001790886427586494 0.0004706902890901542
 0.00984339053574103 0.003366052073039256 0.008822806781110106 0.0141802668236651 0.02268498694611385 0.0195062116034909
 0.006449848195204941 0.002730237595800764 0.006725541156556829 0.02034248915836011 0.02121541626788698 0.02111872907768406
 0.03296931819814361 0.03392776346647583 0.03389183921460656 0.000174608894633056 0.0001236886201526417 0.0002543508677265047
 0.02347430565053042 0.02347446823349813 0.02570634747346128 0.0001525241961501731 0.0001224895021146724 0.0002730376042581431
 0.02401386793020722 0.0235950684434285 0.02669410562279586 0.000247970722699274 0.0001776598733849813 0.0003619274855661043
 0.02270043165700522 0.02351089718510794 0.0272146142856699 0.000178339782111914 0.00016539461522317 0.0004788552541482877
 0.02896431809614067 0.02672106341623949 0.03018244545587627 0.0002883317811527076 0.0001559867494882117 0.0003803710006202813
 0.02229407207176178 0.01860369129321191 0.02207644265059666 0.0003638729423144291 0.0002027889776558368 0.000544578516016161
 0.006528062619988769 0.002164576647806578 0.007479365078311484 0.02038726144375562 0.02056250341260476 0.01980725260442054
 0.01157498169160494 0.00353780475317659 0.007537747633539841 0.00482127870904664 0.01832583201611794 0.02690984356372511
 0.02687429392027462 0.009613110989938767 0.01295913424352779 0.00298934312282961 0.003713712122389592 0.003344531223637478
 0.02785098185312023 0.02202936811254364 0.0289845887626519 0.0003169928920275218 0.0001889713854163834 0.0003604295571231808
 0.0257197500933223 0.02137081615424112 0.02774351541116921 0.0001387285373070425 0.0001164965790708397 0.0002772689079573519
 0.03176674765791822 0.02316250822039007 0.02725058373468127 0.000223953506042625 0.0001338285542152309 0.0003506957413090425
 0.02594334449309379 0.02361359578069775 0.02524801918580924 0.0002229362790813546 0.000152485921123178 0.0002763435123865105
 0.02519352926096203 0.02406563569934673 0.02575109828215075 0.0001819649021724073 0.0001354834645138674 0.0002753165851813473
 0.02111814682547034 0.02062024236343202 0.02218769718238109 0.0002326337815838144 0.0001658325660811013 0.0003427012013859173
 0.02894811327351681 0.02987659718942418 0.02803875023971793 0.0001361376411796235 8.907663244505253e-05 0.0001815657988964611
 0.0279505890975944 0.02595877149721837 0.02814788295948854 0.0003755801240095824 0.0001824654293410322 0.0003302153172648903
 0.0281895734610887 0.02552023260001797 0.02703051940696773 0.0002506381971795824 0.0001619868057896757 0.0002776514979970927
 0.03244641704056622 0.02855448270350527 0.02823105707826727 0.0001540216192683831 9.928208818502263e-05 0.0001966589021320292
 0.02669004057628863 0.02198558085481133 0.02265826876390214 0.0001618637647969861 0.0001078994078148768 0.0001991450811757087
 0.03576926761738331 0.01161634189545661 0.02501617163671493 0.006148202892864891 0.005791019749246 0.004978098568862172
 0.02969981623760544 0.02252871869775505 0.03129975705172695 0.002975150990276367 0.0006970136408610091 0.001313345806440826
