# Created by Octave 4.0.0, Sat Apr 09 08:26:01 2016 BRT <uluyac@uluyac-note-ubuntu>
# name: m_a_teste
# type: matrix
# rows: 1
# columns: 100
 0.5 0.8192708333333332 0.9546875 0.96328125 0.9723958333333333 0.9690104166666664 0.9703125 0.9822916666666665 0.9869791666666666 0.9848958333333335 0.9888020833333334 0.9861979166666666 0.9882812500000002 0.9895833333333334 0.9903645833333334 0.9908854166666666 0.9854166666666668 0.9885416666666667 0.9908854166666666 0.9924479166666668 0.9919270833333333 0.9953125000000002 0.9924479166666667 0.9937499999999998 0.99609375 0.99609375 0.9971354166666668 0.9979166666666666 0.9968750000000002 0.9984375 0.9984375000000002 0.9986979166666664 0.9986979166666666 0.9971354166666668 0.9976562499999998 0.996875 0.9973958333333334 0.9979166666666665 0.9966145833333331 0.9981770833333335 0.9979166666666666 0.9984375 0.9986979166666666 0.9981770833333332 0.9984375 0.9979166666666666 0.9992187499999998 0.9971354166666668 0.9989583333333332 0.9989583333333334 0.9989583333333334 0.9989583333333334 0.9997395833333332 0.9986979166666666 0.99921875 0.9994791666666666 0.9989583333333334 0.9984375 0.9994791666666666 0.99921875 0.9986979166666666 0.9997395833333332 0.99921875 0.9994791666666666 0.9997395833333332 1 0.9994791666666666 1 1 1 1 1 1 0.9997395833333332 1 1 0.9997395833333332 1 1 1 1 1 1 1 1 1 1 1 1 1 1 1 1 1 1 1 1 1 1 1


