# Created by Octave 4.0.0, Sat Apr 09 08:26:01 2016 BRT <uluyac@uluyac-note-ubuntu>
# name: m_a_treinamento
# type: matrix
# rows: 1
# columns: 100
 0.5 0.8239583333333332 0.9561848958333332 0.9628255208333331 0.9699869791666667 0.969921875 0.9702473958333334 0.9821614583333333 0.9861328124999998 0.9852213541666666 0.9865885416666667 0.9861979166666668 0.9863281250000002 0.9881510416666668 0.9870442708333332 0.9883463541666666 0.9885416666666667 0.9901692708333332 0.9910156250000002 0.9912760416666666 0.9915364583333334 0.9935546875000002 0.9935546875000002 0.9951171875000002 0.9945963541666666 0.9968098958333333 0.9977213541666667 0.9972005208333334 0.9970052083333334 0.9984375000000002 0.9983723958333333 0.9976562500000001 0.9983723958333333 0.9973958333333334 0.9979817708333334 0.99765625 0.9979817708333332 0.9983072916666668 0.9979166666666666 0.9977213541666666 0.9983723958333334 0.9981770833333332 0.9981770833333332 0.9982421875000002 0.9982421875 0.9981119791666668 0.9980468750000002 0.9982421875 0.9986328125 0.9986328125 0.9988932291666666 0.9985677083333331 0.9987630208333332 0.9988932291666666 0.9988932291666666 0.9994791666666668 0.9991536458333334 0.99921875 0.9992838541666667 0.9989583333333334 0.9994791666666666 0.9994140625 0.9994140624999999 0.9994791666666666 0.9997395833333333 0.9998046875 0.9997395833333333 0.9998697916666666 0.9998046875 0.9998697916666666 0.9997395833333332 0.9999348958333332 0.9998046875 0.9998697916666666 0.9999348958333332 0.9999348958333332 0.9998697916666666 0.9998697916666666 1 0.9999348958333334 1 1 1 0.9999348958333334 1 1 0.9999348958333332 1 1 1 1 1 1 1 1 1 1 1 1 1


