# Created by Octave 3.8.2, Sat Apr 18 11:29:36 2015 BRT <uluyac@uluyac-linux-note>
# name: inds_perms
# type: lazy_index
# name: index_value
# type: matrix
# rows: 1
# columns: 2
 2 6




# name: n_blocos
# type: scalar
6


