# Created by Octave 3.8.2, Sat Apr 18 11:29:35 2015 BRT <uluyac@uluyac-linux-note>
# name: inds_perms
# type: lazy_index
# name: index_value
# type: matrix
# rows: 1
# columns: 7
 2 3 7 13 15 20 24




# name: n_blocos
# type: scalar
24


