# Created by Octave 3.8.2, Sat Apr 18 11:29:36 2015 BRT <uluyac@uluyac-linux-note>
# name: inds_perms
# type: scalar
2


# name: n_blocos
# type: scalar
2


