# Created by Octave 3.8.2, Fri Apr 17 16:29:59 2015 BRT <uluyac@uluyac-linux-note>
# name: Metricas
# type: matrix
# rows: 18
# columns: 6
 0.005516961958465415 0.002469434821804531 0.005581985901804492 0.0004210964424765124 0.0006019679221361355 0.0005711129460169171
 0.001787576236601106 0.0009871831665251563 0.002108880375527933 0.01467611722781269 0.0129492981036613 0.0185350677510775
 0.003998401722445006 0.0009790764104164291 0.003887059645494982 0.001668903693192799 0.0114683350335455 0.003957274869237136
 0.002139604284464233 0.0005769939674858548 0.002221106858283082 0.0200139686982025 0.01752480446672487 0.01733718146264423
 0.003809800117104713 0.001322373556453894 0.004035875230902253 0.0009783760701968947 0.003690633500629755 0.001654273493585368
 0.002661691682259054 0.0006222243578198834 0.002740871769901703 0.01261120468803061 0.01201170065862612 0.01143932271317058
 0.004682535321280492 0.001578583884328782 0.004483794183422279 0.0009887060717526943 0.00227051929677885 0.00200664918503694
 0.00416575036403264 0.001768628155542059 0.004076082754871467 0.0003121698442810991 0.00333852945707647 0.0004366412387619085
 0.005131809051959646 0.002464448394916403 0.00541910898435612 0.0004051340187117763 0.002356449944565377 0.0006659135862112997
 0.004083652203161415 0.001365393222703813 0.004049017730087795 0.0002664928689425864 0.001879352425985636 0.0005767015874619307
 0.001812451563764238 0.0005530174229597231 0.001688361285619819 0.01726243571565732 0.01483482521559203 0.01762296887936683
 0.00352113886912409 0.001620770982510721 0.004077375012798552 0.001219369566763006 0.002336148733349726 0.0009902416209780168
 0.004455832527740438 0.0006978451261062417 0.004518124929712201 0.003545381187797715 0.00351563096024686 0.003742504447997735
 0.004306865056805742 0.002561739007112585 0.004141872955059071 0.0007634977995488891 0.003550535426169173 0.002301384708401434
 0.004312984640121149 0.002435724785888074 0.003530986121878357 0.0009407458755324514 0.004411953968229143 0.001896574439574714
 0.004180431912067035 0.001589184024018038 0.003839197147417592 0.002021041020963992 0.004803700926174 0.001713850204262658
 0.004205752313956652 0.001795136690997793 0.003594118454104284 0.005941119823445137 0.005146306862428789 0.001491311772894521
 0.004644621261415641 0.001482546400458559 0.003569394314889396 0.003105504435584742 0.006851407992189174 0.001196183693447094


# name: saida
# type: matrix
# rows: 1
# columns: 18
 0 1 0 1 0 1 0 0 0 0 1 0 0 0 0 0 0 0


# name: etiquetas
# type: matrix
# rows: 1
# columns: 18
 0 1 0 1 0 1 0 0 0 0 1 0 1 0 0 0 0 0


# name: acuracia
# type: scalar
0.9444444444444444


