# Created by Octave 4.0.0, Mon Apr 11 13:10:12 2016 BRT <uluyac@uluyac-note-ubuntu>
# name: m_a_teste
# type: matrix
# rows: 1
# columns: 100
 0.5 0.86171875 0.9533854166666668 0.9783854166666668 0.9828125000000002 0.9893229166666666 0.9924479166666667 0.9927083333333334 0.9940104166666666 0.9963541666666667 0.99609375 0.9966145833333334 0.99765625 0.9966145833333332 0.9966145833333332 0.9979166666666668 0.9979166666666666 0.9973958333333334 0.9997395833333332 0.9989583333333334 0.996875 0.99765625 0.9984375 0.99921875 0.9986979166666666 0.9986979166666666 0.9984375 0.9989583333333334 0.9984374999999999 0.9989583333333334 0.9989583333333332 0.9994791666666666 0.9986979166666666 0.9984375 0.9989583333333334 0.9984375 0.9986979166666666 0.9989583333333332 0.99921875 0.9986979166666666 0.9986979166666666 0.9994791666666668 0.9989583333333334 0.9986979166666666 0.9997395833333332 0.99921875 0.99921875 0.9994791666666666 0.9994791666666666 0.9994791666666666 0.9997395833333332 0.99921875 0.9997395833333332 0.99921875 1 0.9994791666666668 0.9994791666666666 0.9997395833333332 1 1 1 1 1 1 1 1 1 1 1 1 1 1 1 1 1 1 1 1 1 1 1 1 1 1 1 1 1 1 1 1 1 1 1 1 1 1 1 1 1 1


