# Created by Octave 4.0.0, Mon Apr 11 13:10:12 2016 BRT <uluyac@uluyac-note-ubuntu>
# name: m_a_treinamento
# type: matrix
# rows: 1
# columns: 100
 0.5 0.8645833333333334 0.9534505208333334 0.9786458333333332 0.9841796875 0.9891927083333332 0.9922526041666668 0.9912109375 0.9942057291666666 0.9951171875 0.9952473958333334 0.9973958333333333 0.998046875 0.9975260416666666 0.9975260416666666 0.9982421875 0.9979166666666666 0.9985677083333332 0.9985677083333334 0.9987630208333333 0.9986979166666664 0.9987630208333332 0.9989583333333334 0.9989583333333334 0.9990885416666668 0.998828125 0.9990234374999998 0.9990885416666668 0.9985026041666668 0.9989583333333334 0.9990234375 0.9992187499999998 0.9988932291666666 0.998828125 0.9989583333333334 0.9988932291666666 0.9990234374999998 0.99921875 0.9990234375 0.9990234375 0.9991536458333334 0.9990885416666668 0.9990885416666668 0.9990885416666668 0.9991536458333332 0.9993489583333334 0.9994140625 0.9992838541666667 0.9993489583333333 0.99921875 0.999609375 0.9994791666666666 0.9995442708333332 0.9997395833333332 0.9997395833333336 0.9997395833333332 0.9998046875 0.9999348958333332 1 1 0.9999348958333332 1 1 1 1 1 1 1 1 1 1 1 1 1 1 1 1 1 1 1 1 1 1 1 1 1 1 1 1 1 1 1 1 1 1 1 1 1 1 1


