# Created by Octave 3.8.2, Thu Feb 12 11:03:11 2015 BRT <uluyac@uluyac-linux-note>
# name: inds_perms
# type: lazy_index
# name: index_value
# type: matrix
# rows: 1
# columns: 7
 2 3 5 6 12 17 18




# name: n_blocos
# type: scalar
24


