# Created by Octave 4.0.0, Sat Feb 27 16:14:30 2016 BRT <uluyac@uluyac-desktop-ubuntu>
# name: Dados_treinamento
# type: matrix
# rows: 768
# columns: 7
 0 0.0186069133609639 0.003468463274086264 0.01873677002869776 0.0003585268329334337 0.002458996842931779 0.0003538895208336399
 1 0.008006214758370694 0.001976463762999426 0.007264297195523411 0.02250293994468937 0.01482458854867695 0.01511519644035126
 1 0.007240403300193815 0.002984474140005944 0.01185311052229446 0.02084023374882273 0.02178666652952724 0.02243912588200946
 1 0.009404694855776394 0.001967793973215264 0.008807039891521562 0.01735674791031116 0.01736805419162829 0.0188802390129839
 1 0.006950170371849715 0.003386887776451237 0.008142170734044182 0.02451733901071055 0.02117179258451701 0.01699181030305623
 0 0.02077977234750235 0.002819058943536665 0.02189232490694746 0.0003787921009133325 0.00345564875018474 0.0004363956301781482
 0 0.02255672296917674 0.00576547458843992 0.02154252273499163 0.0006632120706026532 0.003303596327657053 0.0006823944373177267
 1 0.007194644799606824 0.002326470239894002 0.007123729445106914 0.0218603900445391 0.0146294397253127 0.01704161749258482
 0 0.02431460710429566 0.003496414747558328 0.02478640663011967 0.0005611863535708049 0.005305040572011391 0.000372313252432818
 1 0.006729116886883288 0.00249980180314806 0.006813694995689954 0.0196728343468113 0.02219295692976072 0.02587608660145868
 1 0.007557721955918367 0.001605406706480212 0.008112046411702989 0.0186890864132965 0.01962583330469696 0.0190259558980682
 0 0.02008419852954833 0.003100156843289966 0.02291736979281537 0.0004187186089458078 0.005296641525193394 0.0003776192552434681
 1 0.009903812823648557 0.001637098881438082 0.009875579593115472 0.004968514731145716 0.004855270422374748 0.004751159004223572
 0 0.02880155941848038 0.004131645682355129 0.02912372968311941 0.0004247868775477426 0.01596705497003739 0.0004861892690473172
 0 0.01417162261761196 0.001783079544081108 0.01518785237269887 0.0003640936105592925 0.006161443268243599 0.0002679548121776269
 0 0.01980934435157975 0.002617495553060577 0.01964438723568641 0.0006870500144493643 0.02240817973494645 0.0006593854932651758
 1 0.007328083114225903 0.001515572775440663 0.006951793787777709 0.01743062830487723 0.01355934476758344 0.008119073729208979
 1 0.007278849854445982 0.001437664471506909 0.006335721662821771 0.01953354834251035 0.02115081649768025 0.02783406749914037
 1 0.00896979595223538 0.003923252039296985 0.009227936424839491 0.01544319326697736 0.02148134770110315 0.02018513382353255
 1 0.007906957129117844 0.003034403667302946 0.006988039045905864 0.0192258236701884 0.01836306254023636 0.01848117509347178
 1 0.006252346017540387 0.00144592020715486 0.005808351682867039 0.02566976208575267 0.01817393776719739 0.01869434299913814
 0 0.01684219479302585 0.003801575207686962 0.01890333885730759 0.0003326422200144349 0.002063056873853778 0.0002625172607968896
 1 0.007614783457071246 0.001389637181450144 0.006444782896656631 0.01946146531524582 0.01982025979215697 0.01496878729797697
 0 0.03172647591234807 0.0005248761041564316 0.03265100595035748 0.00410298685910033 0.02973889230412122 0.001482787427383367
 1 0.007654852846965775 0.002474043251463289 0.00758056721303452 0.02043376533922401 0.01995138820575505 0.02209183427661815
 0 0.01706672203779094 0.002259631074257978 0.0168144298829836 0.0002930191645719872 0.03066861642665842 0.0003250231366525623
 0 0.02229817915572329 0.003243978216582566 0.02127093166705028 0.0005260675919021288 0.01241688857023542 0.0005693229290976518
 0 0.01141359343632905 0.00122451920011984 0.03272046488248616 0.001054277995478495 0.004092313645693906 0.001631577107481852
 0 0.02148923471039958 0.002736743511710594 0.02405075281447718 0.0002746030436239355 0.004015780257214164 0.0002917961865411595
 0 0.02034111238585853 0.003638861514183824 0.01849701999984608 0.0003685362844890057 0.002573114295036706 0.0003855680512379893
 1 0.006388269054254455 0.001456570315342196 0.005923888079462708 0.02593875557129802 0.02206601156586296 0.02819340673073472
 0 0.02599064863621077 0.006596143519960461 0.02444689569834741 0.0005892014178627979 0.002202909181245286 0.0005921772742181727
 0 0.01454200580878503 0.002469718916153534 0.01690852337275933 0.0007273830140132657 0.01798861985095293 0.0005596360519240841
 0 0.01735988624660305 0.002806676796070829 0.01868315734135658 0.001608019382636637 0.02111478082776546 0.001035837900865087
 0 0.01765024014536283 0.003578778974565007 0.01928965780246699 0.0002918953351139355 0.005542047166179139 0.0003247437267097426
 0 0.01691803323340606 0.002629466819973832 0.01643404403436213 0.0003133872019244862 0.01536551570340748 0.0004027283134190227
 0 0.01567290372011381 0.003750255279884159 0.01871535073088197 0.000865394290769988 0.006248450500841217 0.0007915475404177747
 0 0.01642618954653767 0.002810896902584969 0.01805823655281641 0.000568953705325697 0.0125974791920418 0.0005831802380333322
 0 0.02308264349134097 0.002571745615933992 0.02476063529121435 0.000675665675941437 0.01558178618306248 0.000738667070555225
 0 0.01447335025473031 0.003665589442516252 0.0143570321805039 0.0006876650056859275 0.01182850115456542 0.0006004987059693291
 0 0.01941599800891665 0.005387682614081522 0.02395141427392889 0.0005031605396692148 0.005527847385652308 0.0005397408079933075
 1 0.006644481479600612 0.001678634048290924 0.007158186039253236 0.01828222866152489 0.02239595985975906 0.01946660312544206
 1 0.00681486631069955 0.001764258142197301 0.007052515021367541 0.02272152428268776 0.02372523434614995 0.01575466683113369
 1 0.007306440686691139 0.002215828057133903 0.007400504126560338 0.01962002610063376 0.0226284075237484 0.02042814504758828
 1 0.007310025415284437 0.0020048502701777 0.0065688549502755 0.02471349834435895 0.02554903073040965 0.02417160313402818
 0 0.01281833919734929 0.002544577021525848 0.01248350734434805 0.0002674216413042449 0.006658183551754889 0.0002792001820004901
 0 0.02226608951069462 0.003245643579510349 0.02059932894458103 0.0003178509458393549 0.003555757903603592 0.0005457724848689791
 1 0.007730912854421432 0.002238814818143702 0.008511349918707115 0.02238293101590424 0.02304834336900519 0.02013773302961707
 1 0.008815942698992631 0.002782195734265467 0.008637975605898155 0.02128749997954301 0.02082498760071583 0.0218453336838661
 1 0.00490632378283248 0.001521064260323053 0.005950366015786314 0.003619009021829763 0.00299273567173205 0.002838943109861739
 0 0.01620503349106665 0.00168015234624667 0.01591008081333734 0.0004143282363196165 0.005462630847859672 0.0003033098991387901
 1 0.007562989787052079 0.002184358837763628 0.008444745298763526 0.02349905521461593 0.01811522772415334 0.02195338217299094
 0 0.02266307148627062 0.003884618308270526 0.02031837000793687 0.0002735942561095147 0.003174523324106802 0.0002664582560349042
 1 0.007069014939589764 0.002609788273513376 0.007211539981873414 0.01399045874120043 0.01339440681037076 0.0144070373700964
 1 0.007958439672318116 0.001856221741407117 0.00832273494923948 0.01911785750143352 0.02578001181723836 0.0250244792915893
 1 0.006960989552212409 0.001540962912709447 0.006770961655977405 0.02277738080437593 0.01672895986439835 0.02184872799118028
 1 0.008627308744232946 0.002840281951360673 0.008123745814951074 0.01927063829396946 0.02355237672495288 0.01988508164289877
 0 0.02198931769387712 0.002521308083918067 0.02111575940240669 0.0003095357732920313 0.02244137385074878 0.0003262471587130421
 1 0.005984817146039768 0.002654630319873473 0.007332393499518064 0.02139559414596504 0.02499871966694386 0.02270176430537085
 1 0.006937651454628599 0.001870519602230084 0.006767225716739727 0.02264339383554713 0.01919604562124471 0.02129579149376311
 1 0.007490213563975864 0.001742988142711117 0.007948372477361425 0.02489264378809777 0.01746612792805003 0.02011796428170063
