# Created by Octave 4.0.0, Mon Apr 11 13:10:11 2016 BRT <uluyac@uluyac-note-ubuntu>
# name: Dados_teste
# type: matrix
# rows: 192
# columns: 7
 1 0.00681486631069955 0.001764258142197301 0.007052515021367541 0.02272152428268776 0.02372523434614995 0.01575466683113369
 0 0.02995258279532738 0.008566389575467131 0.02687837876798147 0.0005227788468043637 0.001592156356326291 0.0004859442678276309
 1 0.008627308744232946 0.002840281951360673 0.008123745814951074 0.01927063829396946 0.02355237672495288 0.01988508164289877
 0 0.01754172928257711 0.005628464292136437 0.02149013874223303 0.0003848548611392207 0.004128869444740529 0.000441193030656139
 1 0.006379913368130943 0.002114055843177961 0.006130170917588206 0.01932101555199937 0.02292364442735124 0.02654540910554084
 0 0.01453740407793573 0.00138232309474135 0.02489950289053803 0.0006971641726716745 0.0227492911452559 0.001325364903163517
 1 0.006172948828916489 0.001556404140421352 0.005231801226408244 0.01601269155643749 0.01796900305812267 0.01771145887852132
 1 0.006688688603163352 0.002094496397937458 0.01512283344540822 0.02495831368975206 0.01007484822025573 0.003211724830215419
 0 0.01577187504034475 0.002563323595015118 0.01511390161952679 0.000453107335644816 0.01553503727598136 0.0004095456485698895
 0 0.0263314928304966 0.003472367154988303 0.02621905167239523 0.0005591600896831077 0.005904863703415938 0.0004588020549890842
 1 0.006400991441635136 0.001211272399952064 0.00508969983554676 0.001522963740529652 0.001430528201500057 0.001792397942668596
 1 0.007490213563975864 0.001742988142711117 0.007948372477361425 0.02489264378809777 0.01746612792805003 0.02011796428170063
 1 0.00703300304803773 0.002228151386692699 0.007848435932861567 0.01922713549670127 0.02408323282608457 0.02474497931632336
 0 0.02456721805693743 0.002038619244388451 0.02613887113015385 0.0003123108049081875 0.002854364968126752 0.0003296137253299471
 1 0.00653492066472728 0.002108982151857103 0.006607499772336197 0.0241683311857919 0.02057353653488422 0.02585772008310724
 0 0.01472705681668266 0.002459456368278805 0.01471756745114559 0.0003596114871327501 0.008551023956692475 0.0003404250653826602
 0 0.02137753807377853 0.004216754604448166 0.02345707460387294 0.0007077461748008931 0.004624511394706265 0.0007465607142220761
 0 0.02746935720278984 0.003558515033719001 0.03186160997728617 0.0007153002923214241 0.004491778435174045 0.0003670398117860007
 1 0.007234069329252425 0.001918167038019922 0.007073759877072757 0.01837958308160925 0.01785992486208678 0.02151921748145335
 1 0.006663214077906899 0.001306890794570652 0.006494971948391796 0.02384558235588089 0.02699624837720241 0.02549283246469898
 0 0.02689711546264506 0.003645914749226428 0.0275253335408435 0.0004556677727354017 0.005200678952778652 0.0004774221331483573
 0 0.01851852656050056 0.002547012360302488 0.017796494277181 0.000799268032544939 0.008826413136354589 0.0007321560220051459
 1 0.006108481571382137 0.002149306603278268 0.006605220482217352 0.025087234370594 0.02455887439190398 0.02370862200456469
 1 0.007556651186626172 0.001975080323420367 0.006893046963604444 0.02544077268299666 0.02196497350696182 0.02599566686054979
 0 0.02451250002874739 0.003461695040332074 0.0217583380008084 0.0004231983815332242 0.009305914388862987 0.0004489734472922323
 1 0.005769716363701781 0.001528985217003345 0.006863575518925139 0.02329489799248054 0.0204047745151389 0.0259827721409553
 0 0.01834829896821566 0.002353176276016809 0.01878113952092991 0.0004505840627555244 0.01732705270342875 0.0006092808352275151
 0 0.02646680780029149 0.002639531051626744 0.02573110058867052 0.0002259430197218875 0.003234150182371252 0.0002634328186575637
 0 0.016994467063772 0.003701362829234634 0.01729457943351831 0.0008848561549831274 0.0122895010860494 0.0008351888295510142
 1 0.008286254720540665 0.002883681283069953 0.008347712727604746 0.02320178165095716 0.0187646348508711 0.02279380282152818
 1 0.01110376213254942 0.007028890337628417 0.01166053106649476 0.01130158205794595 0.009186578908565264 0.01024141365518333
 1 0.006755363656892444 0.002062052506921644 0.00744057898662789 0.01515928601360485 0.02198005070794569 0.02018249883785705
 0 0.02124211466512117 0.002310547500359151 0.01782119135766644 0.0004601060252322447 0.01129940572912476 0.0006382309737138441
 0 0.02750035385286927 0.003618284115574414 0.0278090037778181 0.0003388195323684115 0.008540730118490911 0.0004184700141817269
 1 0.006264676713046836 0.001583920474811846 0.00677001033253685 0.01851812109448967 0.0215558180397523 0.02445566371693102
 1 0.008236444107568157 0.002441668366680719 0.008646105871241682 0.01128160360750549 0.01704982342963151 0.01390524365288115
 1 0.007631555674909712 0.001816022444342239 0.01709463829778775 0.0165575716151213 0.00454886937016842 0.002963591409075667
 0 0.01234791898861488 0.001564854151925886 0.01256848637791722 0.0005377987421071695 0.01851681630782838 0.000454209041438616
 1 0.007139930408769487 0.002204324155445761 0.005941041683611634 0.01933928129873496 0.02467848539954882 0.01464761385880661
 0 0.01429642288399361 0.001154998988523758 0.02386021568553952 0.0005994501460349072 0.01299131850380401 0.001140793719364003
 1 0.009500689254656525 0.002887596790663146 0.009244589232385825 0.02655125269149011 0.02641726082703286 0.02552317505568424
 1 0.006645188792052312 0.001602114140502269 0.006559253329066398 0.01775760361799781 0.01746144968081668 0.01795574677892705
 1 0.008528976316783036 0.002070434151587952 0.007855086901779301 0.02133945283413452 0.02365456979371043 0.02555403155141295
 0 0.02602607744763292 0.002311645099999054 0.02689981998581192 0.0003920328960382262 0.01408186449093829 0.0004249974278630412
 0 0.01525709504567647 0.002526027606073623 0.01535955533823561 0.0003845566930361592 0.02398630389131384 0.0003881855946796838
 0 0.01597468205953079 0.005034182261741689 0.01594244376693591 0.0003711787854781781 0.00768687524144722 0.000393574053138758
 1 0.007717090223061314 0.002282650087296087 0.006719764950447686 0.02042472853253552 0.01732853045380351 0.01834449457093828
 0 0.02214013724405008 0.002618591215747016 0.02234385820178826 0.0004460543350681558 0.01436283749197279 0.0004131045949604142
 1 0.008308139194072837 0.002530756135750568 0.00837749874998237 0.02334361097606715 0.02034341185864313 0.02581023683302495
 0 0.01560977956832324 0.005917871605317134 0.01593954120176519 0.001004454473079692 0.001912109020607433 0.001081397203114251
 0 0.01984167811485868 0.003544589214470643 0.01979108904389976 0.0003198096682886541 0.01664902611087711 0.0003582836980499573
 0 0.02408767428455355 0.002826638798196046 0.02714937321715166 0.0004257897763868867 0.02064425850736071 0.0004045285373536474
 1 0.00614332830994373 0.002260395860631097 0.006490733629036907 0.009082279784661987 0.008777492036177914 0.00846721085912421
 1 0.006403885856960093 0.001576931726350522 0.006567459763527552 0.02019116345277295 0.02167449759773573 0.02231847871521232
 0 0.03073915228575984 0.00241513634551945 0.0257300686766763 0.0003032297747864689 0.0173629305759465 0.0002913912591106806
 0 0.02138810837838964 0.002896308005900371 0.02245972066369865 0.0002923076186434833 0.003788697577554681 0.0002992902398229872
 0 0.02012822100212 0.004817124307612777 0.01863807790244553 0.0002361022014789688 0.01228965610474408 0.0002722091997749473
 0 0.0262369043113039 0.00330392386053113 0.02624795743999218 0.0009322173666694497 0.02077505966203662 0.001279709626924937
 0 0.01960536593404977 0.002840104143142644 0.01643358039835165 0.0006735799884991708 0.02307404590559765 0.0008186690715125487
 0 0.0172980768172103 0.004219338650303914 0.01813932823387428 0.0005385110773061267 0.006823582516136622 0.0006015133276416251
 1 0.00798531098138377 0.002541146218192062 0.007271013115991573 0.02349339942588132 0.0221106993729955 0.02583631617259156
 1 0.005378517419846113 0.001230847669476546 0.006109057947488155 0.001494750980675073 0.001235434876521916 0.001454003861718095
