# Created by Octave 4.0.0, Mon Apr 11 13:10:11 2016 BRT <uluyac@uluyac-note-ubuntu>
# name: Dados_treinamento
# type: matrix
# rows: 768
# columns: 7
 0 0.0170396161609012 0.00219999735161965 0.01732643040151643 0.0003635110743028151 0.007075359910121573 0.0002905759954483044
 1 0.007699085613532086 0.002101275230535522 0.008148563626023125 0.009852638637973591 0.01041854513596567 0.00958532555485195
 0 0.02746935720278984 0.003558515033719001 0.03186160997728617 0.0007153002923214241 0.004491778435174045 0.0003670398117860007
 0 0.03659292789620626 0.001957112347306599 0.03509825936380973 0.0002965538736879989 0.01844018449857638 0.000290103357020567
 1 0.008605097700209056 0.002460990398733338 0.01017902546045868 0.009912091177253061 0.006666499351120435 0.005421760900133591
 1 0.01077562891240515 0.003541659121395959 0.01014286770102244 0.008064816481304605 0.02597485754398598 0.01541278455009229
 0 0.01705155097644473 0.002357458286249209 0.01903488224908148 0.000438958488196047 0.0052477472482279 0.0002855666196081565
 0 0.01586868986298766 0.004439381855986968 0.01567935980207411 0.0004679311736055433 0.01060474246354405 0.0005745924311921518
 1 0.005986752084542759 0.002104126638131205 0.006763349133322335 0.02363534730553709 0.0222097796402368 0.02166722979922532
 0 0.02068357526699892 0.006946958531978335 0.02100903832636945 0.0003877490519322942 0.001805041907784382 0.0004165915417306126
 0 0.01551837399208908 0.001390059026179918 0.01145637552841881 0.0007235292570611623 0.00687022901037898 0.0007451322671838314
 0 0.02570488068025812 0.004936562007329437 0.02379218341460547 0.0004552510221195731 0.006022785319765642 0.0005241225659017504
 0 0.01595533569483686 0.001710867421575221 0.01306520732579013 0.0006230676463311835 0.01998223260007667 0.0005536132684452026
 1 0.008409538303622411 0.002556843397321206 0.007178201242264302 0.02099040049467537 0.02228063526345376 0.0287361943105862
 1 0.007692446559565819 0.00199633611159007 0.007342654185362232 0.0240696487488794 0.02363384350300343 0.02117554793921667
 0 0.02137753807377853 0.004216754604448166 0.02345707460387294 0.0007077461748008931 0.004624511394706265 0.0007465607142220761
 1 0.008695395772468721 0.003030997065894707 0.007395044229234881 0.01709419901771211 0.02735839278854949 0.0224797537344113
 0 0.02014128808089071 0.004270777715337139 0.02270867597800512 0.00155603088693676 0.007235338610754475 0.0008504907186186995
 1 0.01120324313309762 0.001414631124684199 0.01129401887495301 0.003398119272114709 0.003394816574841007 0.00334367427807298
 1 0.006159027431338057 0.001625164821373166 0.005754315316670809 0.02336194323301593 0.01916069913397632 0.02307085237613918
 0 0.02140101070258334 0.002354988069618901 0.01748975044342918 0.0005701772319692515 0.01258141344092248 0.0007008728391100585
 1 0.00896979595223538 0.003923252039296985 0.009227936424839491 0.01544319326697736 0.02148134770110315 0.02018513382353255
 1 0.008654409052401082 0.002441799578405699 0.008529948889247994 0.01152457535288324 0.01099508456414779 0.0113824843992757
 0 0.02003135770369899 0.003357317334151774 0.01992773556456232 0.0002980826872832889 0.002495568040329937 0.00029647866278822
 0 0.00907179302122618 0.001760677331621902 0.03652312085015542 0.002109685682872297 0.001253131953906557 0.001883596447983298
 1 0.006837190602291172 0.002194758774058217 0.007093680078436649 0.02258309933604894 0.02209990385604996 0.02335489008731125
 1 0.006952315488528655 0.002150968906146792 0.00710216011105162 0.02236958314673863 0.02378972514575766 0.0219244453797523
 0 0.02099351807839892 0.00358433509650053 0.02180520810890433 0.0004414562479526332 0.005417481691719447 0.0004433683044444816
 0 0.02025844227060411 0.002624140070866285 0.01965778627657403 0.0003321235269341423 0.01943632192303321 0.0003273326350329355
 0 0.01141359343632905 0.00122451920011984 0.03272046488248616 0.001054277995478495 0.004092313645693906 0.001631577107481852
 0 0.02356497922925273 0.002054822791895464 0.02429945948672278 0.0003048942677797884 0.002927211524362895 0.0003257260261301127
 0 0.01597468205953079 0.005034182261741689 0.01594244376693591 0.0003711787854781781 0.00768687524144722 0.000393574053138758
 1 0.008528976316783036 0.002070434151587952 0.007855086901779301 0.02133945283413452 0.02365456979371043 0.02555403155141295
 0 0.02304432369391089 0.003131839404055244 0.0227448632806078 0.0005711309078670269 0.01361354140659045 0.0005261559214578815
 0 0.02277622951574428 0.001963222728570457 0.02207657438704331 0.0005247984104145555 0.003520899423700697 0.001163671394174409
 0 0.01851852656050056 0.002547012360302488 0.017796494277181 0.000799268032544939 0.008826413136354589 0.0007321560220051459
 0 0.02685576123484416 0.002396170677948383 0.02728453362293281 0.0005167527079107223 0.0183149315774402 0.000684460221849279
 1 0.005912777669531839 0.001645939141740806 0.005688518401157732 0.02018064582817511 0.0241082487814837 0.02553936006615654
 1 0.007306040295268561 0.002136419265886904 0.007283359297586529 0.01643986347612752 0.01357476011925811 0.01540247564362931
 0 0.01773107127702282 0.002248255412698865 0.01697155440585904 0.0002754452715639152 0.005613604609185203 0.0003180257460737474
 0 0.01980934435157975 0.002617495553060577 0.01964438723568641 0.0006870500144493643 0.02240817973494645 0.0006593854932651758
 0 0.02393159369305194 0.003115496106838423 0.022860844042415 0.001496875408076141 0.005215741977829875 0.002898420668610707
 0 0.02507620246068228 0.004873814570108665 0.02288041287827098 0.000696678698769257 0.005046167049365525 0.001234284041994676
 0 0.02084340405558012 0.002371608881518689 0.01677173027477979 0.0002863577497957161 0.02222975686212877 0.0002874056808150668
 1 0.005403765906152917 0.00104889869424823 0.006013378525594024 0.001765995386937324 0.00114140109376052 0.001764082500932547
 1 0.01037713410093204 0.002874769541738993 0.01024011410362455 0.02099622574424497 0.01808757151539972 0.02131143612905691
 1 0.00665619479895732 0.001950937196287737 0.007314626042139161 0.01494986001124688 0.01398866349680437 0.01308496685834451
 0 0.03736925981051052 0.002124669786406263 0.03626750184756683 0.0002878374531832358 0.01217302458750796 0.0002763160891834389
 1 0.006847089667750645 0.002287778294323662 0.006969434732683659 0.02348765366710247 0.02289520846811568 0.01846653403005181
 1 0.008090669299723382 0.002610123018477035 0.008346527135376685 0.02804573233930683 0.02730734721706037 0.02191609759110205
 0 0.02194676048315709 0.002357198805189583 0.02219737087288952 0.0001531702834084145 0.007423264257089371 0.0001788451439794084
 0 0.02127670572023492 0.003578624099505663 0.02020223535914828 0.0005147748169110891 0.01865131271643949 0.0005285805062246644
 0 0.01921006537155682 0.003851626697383396 0.02003576703276494 0.0002788323509465621 0.002532275324925059 0.0003453708631952455
 1 0.005133892791780902 0.001824031058655051 0.00587814184778985 0.01466329258425638 0.01541008097121277 0.01518258889618549
 1 0.007078208197587162 0.002139087045063174 0.007539889769941366 0.02317331982744666 0.02249342671665489 0.0261774294665047
 0 0.02677073053110853 0.01130444177337802 0.02334060197092536 0.0007142505324957237 0.003328433616234059 0.001176018481913771
 0 0.02371590278057471 0.002291957133179573 0.02011522331018694 0.0003868790880601282 0.01986683360270649 0.0003699760224404747
 0 0.02936438186651603 0.003366587107870176 0.03016176361388395 0.0001987102275998808 0.007473401780572072 0.0002113576068617606
 0 0.01622881369809469 0.006347265111834287 0.01574020037036324 0.0003844493724796651 0.001824166773822695 0.0004175764587764073
 0 0.02436560735965322 0.002154590524295798 0.02437880480954042 0.0009635631397280169 0.003141232892987077 0.0009711927286136596
 0 0.01937078504197226 0.002746049305641762 0.01695227034468811 0.000462697076516746 0.02041753161115525 0.0007253464559442429
