# Created by Octave 4.0.0, Sat Feb 27 16:14:30 2016 BRT <uluyac@uluyac-desktop-ubuntu>
# name: Dados_teste
# type: matrix
# rows: 192
# columns: 7
 0 0.01725626851130432 0.001757144835342646 0.01769874014816211 0.000484514750125277 0.004407382584105432 0.0002665683715847479
 1 0.007181331182324803 0.001695274434301191 0.007603356748496974 0.02486679687677845 0.02021676666484732 0.01728196170587591
 0 0.02025000793812278 0.002702566617413995 0.01707238528771817 0.0003824218583467808 0.007353274410390083 0.0005127252727060595
 1 0.00708730716593711 0.002331928867437691 0.007678734425220459 0.02620093318578869 0.01692312618714351 0.02053701929574805
 0 0.02024662184939893 0.00443527323156247 0.02008597280373026 0.0005273666487973151 0.01375863998619749 0.0006977208760840022
 0 0.01889502183488862 0.002056706378615712 0.01999978471027182 0.000259098271843676 0.004565305748674727 0.0002938938520415855
 1 0.006916761610206964 0.001599317252924888 0.006132874074747878 0.01956030896210321 0.02216468306801611 0.02035509462811397
 1 0.006388269054254455 0.001456570315342196 0.005923888079462708 0.02593875557129802 0.02206601156586296 0.02819340673073472
 0 0.01716249055214698 0.00477094355066688 0.0185898303413764 0.0006056684013537181 0.006558880469772908 0.000559605326237239
 1 0.005998056750001596 0.001794194127299342 0.005741403867418001 0.02166485567655354 0.02102475500526095 0.01811109591156357
 1 0.006971438427763673 0.002120678545611928 0.006684074304143097 0.02242248312957563 0.02314701931351515 0.02019480191480395
 1 0.00634928623994636 0.002195772167340176 0.006513627643711971 0.02090028580099398 0.0191731822963465 0.01748452775773398
 1 0.007021459970986507 0.002103390859219913 0.007482222031292011 0.02422738372514992 0.01933662038242465 0.01077963798716553
 1 0.008074459354698514 0.001632049901855162 0.009344462019329362 0.02656646586959004 0.01226551097641768 0.02016005534009286
 0 0.01937078504197226 0.002746049305641762 0.01695227034468811 0.000462697076516746 0.02041753161115525 0.0007253464559442429
 0 0.0263314928304966 0.003472367154988303 0.02621905167239523 0.0005591600896831077 0.005904863703415938 0.0004588020549890842
 1 0.00716185753704986 0.001433922130965054 0.007336729869289703 0.01942459121288655 0.02426837510808706 0.02219770576372871
 0 0.01510047811960165 0.001589057579870564 0.01701988736123446 0.000712766047597425 0.002552672183142004 0.0002743363063466188
 1 0.008044787604609438 0.002288105629473077 0.007681395404823723 0.02009816397730784 0.0174847822713019 0.01753548280830568
 0 0.02897804740299437 0.00239423627804867 0.02723820936500623 0.000556937867726342 0.01619014786581423 0.0006821764534758505
 1 0.007144550233831572 0.002487607631350663 0.007061638311890886 0.01393107926378374 0.01444804598667304 0.01232110637315197
 1 0.007239678284923808 0.001807937295294336 0.007614034296747263 0.02194055263185942 0.02449200721627968 0.02254822842878466
 0 0.02921174267223688 0.008284609504144891 0.02893770233871118 0.0004153260309934441 0.001981158378715644 0.0004807173639194479
 1 0.005965319943363594 0.00204238351400304 0.006312286452545226 0.01938360554853881 0.02157878806305616 0.02022671729093726
 1 0.007383204092171437 0.00142920897932686 0.007142280239073011 0.02665822510044049 0.01626433437523772 0.01315549802587362
 1 0.007278849854445982 0.001437664471506909 0.006335721662821771 0.01953354834251035 0.02115081649768025 0.02783406749914037
 1 0.007323545787789149 0.002634068196238015 0.007556968973270754 0.02071455429294975 0.02616729154796339 0.01952914559919889
 0 0.01869152003072456 0.002454073755501516 0.01716879270797906 0.00031608893333897 0.009294381840287337 0.0003797233070838158
 0 0.02207635797476053 0.002298200488011652 0.02075729054467058 0.0004790497603391987 0.01545556140570288 0.0006075064830148087
 1 0.00807679570039747 0.001743374428905758 0.007682603972553693 0.0184414322940818 0.01889831138412964 0.02063446660329715
 1 0.009404694855776394 0.001967793973215264 0.008807039891521562 0.01735674791031116 0.01736805419162829 0.0188802390129839
 0 0.01443014372655625 0.003069022738460238 0.01518570917198668 0.0002399475689768673 0.004740485211498761 0.0002659055632924873
 0 0.02194676048315709 0.002357198805189583 0.02219737087288952 0.0001531702834084145 0.007423264257089371 0.0001788451439794084
 0 0.01960076198837608 0.002444024000515892 0.01605445346999215 0.0004263340596025421 0.005997371107572396 0.0004989322748867838
 0 0.04234473316441214 0.004051194383568058 0.03890770439982851 0.0001723008884039307 0.004306267893876534 0.000192629895124143
 1 0.008378891193136655 0.001871179317644311 0.008443302693508839 0.008794221119084874 0.008245281155738712 0.008744876937849175
 1 0.006756941093695253 0.001941557726476088 0.008135309447391909 0.02554015451221717 0.01794108224228236 0.02527196036656623
 1 0.005133892791780902 0.001824031058655051 0.00587814184778985 0.01466329258425638 0.01541008097121277 0.01518258889618549
 0 0.01925749254606141 0.002809595852565139 0.01834524747199389 0.0002651495879971749 0.01797496838306083 0.0002567659463828943
 0 0.01642618954653767 0.002810896902584969 0.01805823655281641 0.000568953705325697 0.0125974791920418 0.0005831802380333322
 1 0.006809766452412211 0.001930576555929796 0.006886307327009609 0.02590525220005462 0.02534453793272604 0.02568613959720011
 0 0.01565642749825703 0.002626279458711616 0.01679122315993612 0.0004740707220100775 0.005206597630639787 0.0002801842000410714
 0 0.0193049875898165 0.002594462864949687 0.01842146192359909 0.0002668659966727408 0.009756850679207514 0.0002820138522916285
 0 0.02285559751771223 0.003699703337602764 0.02162000584130997 0.0007297241111305569 0.01347759629652164 0.000930144843421898
 1 0.007037405147784987 0.002373696958510094 0.007094029801942235 0.01612913551880671 0.02134097614807739 0.02157661373290064
 1 0.006632447042144433 0.002221794628597112 0.006273565011623299 0.0224954814708583 0.01808145746120294 0.02183234218931914
 1 0.006690141518613055 0.001803805668969122 0.00722357036894845 0.02392236484842191 0.01279614964974893 0.02061311020600197
 1 0.00653492066472728 0.002108982151857103 0.006607499772336197 0.0241683311857919 0.02057353653488422 0.02585772008310724
 1 0.007250145605667362 0.001655650128750028 0.007822828968467798 0.01185939375340588 0.01169702990042707 0.01217456336859718
 1 0.008441644797554514 0.002488293000540462 0.009482558714708949 0.01967462069583087 0.02561478593431762 0.01673474529796779
 0 0.01189385383274617 0.003154138651665746 0.01425168140092915 0.001091914729076985 0.0188341752133123 0.0008432048976096922
 0 0.02164426221095938 0.002574154439413353 0.02491534758323946 0.0006173837625749224 0.02045496016859356 0.0007352592088843971
 0 0.02399103823302386 0.003888561869045632 0.02287497839338339 0.0004672601254685439 0.003753261399497769 0.0004406760069452842
 0 0.02336599773377902 0.001600398579662962 0.02104708691776266 0.0005421796845768629 0.01632146686879313 0.0004602106834925083
 0 0.02045975204297086 0.002508103800146576 0.01836960463271682 0.0005439454233735064 0.009347829649642122 0.0006454549124139086
 1 0.006788590617956145 0.001124012660799753 0.006017214121283082 0.004377246479344275 0.003064010543607856 0.00441432962007681
 1 0.005997931633404326 0.001449638286866309 0.00616914434372505 0.02110002053956165 0.0217016892951891 0.022846707270693
 0 0.02391678320305058 0.00246451390863128 0.02641383234382962 0.0002750553447803406 0.003955572256276374 0.0002714297765051582
 0 0.02209792529771193 0.002722073315463401 0.02086930733628795 0.000753228019915144 0.01322587400411376 0.0006222579290802539
 1 0.008127389355447941 0.001962635296516448 0.008302844414339807 0.02230396500120423 0.01711913208696879 0.02151558095442586
 0 0.01736919978938822 0.003162235791514473 0.0170802005604982 0.0002842386183202919 0.001829184769123421 0.0003384506272887523
 1 0.005543239406741431 0.001888448231131235 0.005868792081562682 0.01597887196238825 0.03008866456408695 0.02722852985648734
