# Created by Octave 4.0.0, Mon Apr 11 13:00:36 2016 BRT <uluyac@uluyac-note-ubuntu>
# name: Dados_treinamento
# type: matrix
# rows: 192
# columns: 7
 0 0.008225189646670255 0.0006251205708783598 0.007861280113308123 9.846215803676287e-05 0.01217719225363866 9.631179555467682e-05
 1 0.002006450407866843 0.0008134330239326574 0.001994526278526012 0.01355985506976383 0.01485690822896328 0.01597006830437219
 1 0.001952378383261078 0.0004818017924581824 0.001902603930605796 0.01759938649726073 0.01671089840526863 0.0179065849322274
 1 0.001569320464406745 0.0004659868886210991 0.001754080078425243 0.01071278537257763 0.01044282687063632 0.01068093484207722
 1 0.001478321651074441 0.0004915202104719853 0.001160872267502173 0.0130588223452452 0.02126584018658345 0.01892448501665664
 1 0.001748659875900065 0.0006023884111205977 0.001963384953673933 0.01862847700463972 0.01819834623487045 0.01900944376560584
 0 0.009605471561874876 0.001467525476676724 0.008675349746380089 9.667024610716463e-05 0.001382697376165749 9.76162700991063e-05
 0 0.00758646005069719 0.001116455939199125 0.008325839966410689 0.0001349074238667404 0.002015021820951684 0.0001194719477720497
 1 0.002645071287497359 0.001338745077902139 0.00263182027848263 0.01465937194401351 0.01112890123438207 0.0115544389405635
 0 0.007835370748220678 0.001412476496390018 0.007519920739192886 0.0001512458535156975 0.002734891874123529 0.0001800387649649673
 0 0.007393895137955032 0.001099254263181732 0.007079015420348838 0.0001082195766962633 0.001823151488679728 0.0001161062987971818
 1 0.002078259352836849 0.0006919440107211781 0.001842400680643217 0.01194090755470831 0.02017107135624661 0.01885264634623684
 0 0.008117269091687244 0.0006783236232043558 0.009068640398671262 6.872264163373998e-05 0.001116112419208918 7.466744044772924e-05
 0 0.008946325083988802 0.001954432993328841 0.008165802182808834 8.923564047023305e-05 0.0006561836305711311 9.243749062301286e-05
 1 0.00161549199607775 0.0004087292973558554 0.001714526735672911 0.01747226772064168 0.01848128413053421 0.01804992947853527
 0 0.009740965399585997 0.001009221486573358 0.01020671956356993 9.605515090395914e-05 0.004906604513981667 9.807195132307357e-05
 0 0.009976961223329707 0.003131154838100072 0.01062403302013446 0.0001363087740975812 0.0007801248567235504 0.0001341835130471175
 0 0.01298412969730311 0.001886009792122288 0.01349790872567552 0.0002008102708973855 0.004250951154625057 0.0001281622630073168
 1 0.001705434120299601 0.0003981669839181637 0.001561468391735398 0.02544699727885213 0.0210816130544264 0.02194776916616084
 1 0.001707409992856634 0.0005227446286372689 0.001905459928989102 0.01241648696358974 0.01331028017114744 0.01707506931579716
 0 0.009205045582643233 0.001108984489912398 0.01004335117766498 0.0001311107014919858 0.001142074801559266 0.0001028945737629628
 0 0.01048055071255534 0.005144432070602298 0.00975436454628432 9.94610879793207e-05 0.0004330186361874638 9.567899183349945e-05
 0 0.008335295763157774 0.0004235970978711416 0.008937633980258486 9.405592393433516e-05 0.01726501145090341 9.266443817065818e-05
 0 0.0150125850160875 0.001001349291290888 0.01313199364370937 8.813589602024886e-05 0.003560140372109469 8.550745138107215e-05
 1 0.003018747219317501 0.0006942409725209101 0.00301996022162185 0.003436739901317829 0.003110853873215049 0.003048210353722322
 1 0.001662501393174019 0.0005515394607084433 0.001672267241419464 0.018681689844396 0.01646055916039285 0.02079799185902952
 1 0.002091224062359033 0.0004322153247379747 0.001922486905232431 0.0163089904036027 0.01675381366847678 0.01663568708860561
 0 0.007468126757053571 0.00171529876521965 0.00646424511923771 9.615856775970214e-05 0.001029196818954866 0.0001022241381567172
 0 0.006703800350098183 0.0007895174423879733 0.006516958094005839 0.0001069114605894025 0.00459191905749576 0.0001102052429667192
 0 0.009954189176033501 0.001327091237317665 0.01250931384724229 0.00013381481921711 0.002696277358406073 9.9775241645437e-05
 1 0.001709364003157647 0.0006897780216988576 0.001904783198619103 0.01406459939363964 0.01503871114859456 0.01849533658187093
 0 0.008223483666416375 0.001104020193911605 0.007267641933708494 0.0003036699050859697 0.00832648124762795 0.0003806113019193565
 1 0.001863928627996114 0.0004873932559531454 0.001830455778866836 0.01717445501019022 0.02083574331210769 0.01736127068445057
 1 0.001568756510857045 0.0004401983310302831 0.001894058827482528 0.01418689600178571 0.01031855453382697 0.01358498930572308
 0 0.007787060936333004 0.0015295758470951 0.008125546533894622 0.000211240755421364 0.008554421533587033 0.0001691592707491426
 0 0.006922047909985375 0.000909881254923868 0.007386459432986957 8.74227496261429e-05 0.004435586035277747 7.448731872559307e-05
 1 0.002214826455692847 0.0005063221094249176 0.002801433923722697 0.01951339344080994 0.0170183698506354 0.01708142769385045
 0 0.008103988806653792 0.00120530287124546 0.008926134745432281 0.0001401745250971708 0.002399453814948743 0.0001579050371177406
 1 0.001901513921970172 0.000926462257312989 0.002338500458792714 0.01663570750251842 0.0158711032961253 0.01303267482625107
 0 0.005953825382070526 0.0002939601360260307 0.004037947653745064 0.0002390346537243267 0.01337407084131531 0.0001909084199912953
 0 0.01242767848617333 0.0009350229493083502 0.01209587411608189 8.921820394542999e-05 0.005384076096126552 0.0001027666170807051
 0 0.008916611769112142 0.00087993491654054 0.008662502810467668 8.458977333267145e-05 0.006465659163276731 8.76983611997556e-05
 1 0.001672337388946066 0.0004343399067348531 0.001983057204630891 0.01729647716278079 0.018582302829561 0.01792334595081046
 0 0.009669596392393903 0.00185377917319999 0.009323465187580562 0.0001617782262068145 0.001366043541010903 0.0001746658883027375
 1 0.001784734801555993 0.0005021813645054362 0.001566063528963587 0.01723817539786542 0.01738376628384122 0.01621779141284367
 1 0.001670255812074021 0.00039798625614426 0.001390591768665882 0.01929473121940079 0.01700177678813615 0.01590870368224372
 0 0.01093190066916568 0.001257287909666151 0.01034819895895725 0.0001053336383203255 0.00198459396241017 0.0001197484310165454
 1 0.00167423903380558 0.0002893523988921507 0.001527367549123012 0.01887266983919965 0.02062398153969984 0.01734105698541842
 1 0.001658710991026409 0.0004790759072567551 0.001577475155161713 0.01251753785494822 0.01145901505768817 0.01173684962534039
 1 0.00132953969216331 0.0004235030069392606 0.001554328180468606 0.01971158985666799 0.01682863687104488 0.01506611505368448
 1 0.001666782545372018 0.0004593777246030151 0.001591061038174857 0.02086660003404152 0.02251997515910088 0.02043180965525454
 0 0.01112706417937244 0.002643299589922793 0.0100716625774527 8.89598459424901e-05 0.0003503521818078475 8.464932316207667e-05
 0 0.009817593586019741 0.002550184058830149 0.009016982013771787 0.0001583036506753016 0.001537239931888097 0.0001462496491899267
 0 0.01044511627791559 0.000810618057042943 0.01045221331802822 9.388881055966815e-05 0.005115327649708765 9.626015022579856e-05
 0 0.009637227642876396 0.0007816583748745695 0.009284200477422962 0.0002337775907392288 0.004149149524804506 0.0001817883645288263
 0 0.01025452871336963 0.00171282970965372 0.009826606228442657 0.0001394745996667729 0.00116475035786061 0.0001609752366220465
 1 0.001791422663387112 0.0004405096637648786 0.001881136533999554 0.01897955244556493 0.01358013483042299 0.01810087502698089
 1 0.002264923360281253 0.0006461316844167484 0.002202661314113368 0.01627836691645036 0.01555636279345693 0.01777161293378161
 0 0.006731656227722273 0.001681806468031257 0.006626228591424037 0.0001612170949195142 0.003264002321557858 0.0001562694212503707
 1 0.001584672627469509 0.0005661323961474481 0.001639126755936736 0.01600982547907779 0.01364424102253428 0.01400937609449487
 0 0.008237308759390261 0.001826135326375404 0.006181342459289354 0.0007830337462855833 0.006363710074814415 0.001103340702196214
