# Created by Octave 4.0.0, Sat Feb 27 15:17:49 2016 BRT <uluyac@uluyac-desktop-ubuntu>
# name: Dados_treinamento
# type: matrix
# rows: 192
# columns: 7
 0 0.007661854900332991 0.001374009060857464 0.007107945836689238 0.000137453074579277 0.007196393559002401 0.0001983406761728355
 0 0.008395443382439725 0.0006253314338258283 0.008052616946717498 0.0001334112135483906 0.0124752468078777 0.0001258798370007473
 1 0.002275204463266233 0.0004671419586614909 0.001917304635584484 0.02141653117038193 0.01870007608579612 0.02195481999625306
 1 0.001832634535395173 0.0005330284898056516 0.001750849061958935 0.01877738596946684 0.01660538059887845 0.01952519711348476
 1 0.001349464983748452 0.0004643281454405965 0.001256490996895507 0.01788954621869118 0.01891127299507686 0.01862479831153434
 0 0.01277416294850067 0.001014657318539966 0.009973795088599526 0.0001374394417036469 0.003095988805694035 0.000152259528974078
 1 0.00148187930200109 0.0005005131738628373 0.001677691438104202 0.01497696151798446 0.01873693504454445 0.01913056737729298
 1 0.001953911436619837 0.000622272045144111 0.001775907249850734 0.01864645344803641 0.01716749497562174 0.01358818296834435
 1 0.001570999990388555 0.0003688053994219904 0.001684779798186907 0.01133339522779493 0.01194394054921568 0.01164921703441166
 1 0.001931492049274797 0.000499980462524748 0.001897553651199249 0.01677935464720761 0.01709966531253487 0.01801055893290597
 0 0.007964850231165374 0.001219789593795049 0.007498792679019527 7.736987890104097e-05 0.0009683589408303134 9.028752171774785e-05
 0 0.01233463147069334 0.001720376221471976 0.01060298738226107 0.0001463791972170331 0.001200221985851303 0.0001674901503378774
 1 0.001673337576852964 0.0004102798220376142 0.001580388222857638 0.01166244824778964 0.01472132708415261 0.01696192255226133
 0 0.009578177992346169 0.002495101353928314 0.009978037352275891 0.0001290008542246963 0.001426831537953569 0.0001582515281173408
 0 0.006922047909985375 0.000909881254923868 0.007386459432986957 8.74227496261429e-05 0.004435586035277747 7.448731872559307e-05
 1 0.002059519084098312 0.0005105281411832437 0.001749769152625173 0.01702873255142054 0.01803195340719379 0.02203695504632013
 1 0.001590551208973218 0.0004215407064281703 0.001897371736773917 0.01667818747869569 0.01792555583103084 0.01507293659561967
 0 0.009205045582643233 0.001108984489912398 0.01004335117766498 0.0001311107014919858 0.001142074801559266 0.0001028945737629628
 1 0.002267531383939052 0.0008480356480994837 0.002014853386651637 0.01836881340844155 0.02164707112590778 0.01798892732667429
 0 0.00768887950937229 0.0007896428501948528 0.007494439336811517 7.967157452722562e-05 0.002319153556604649 8.373776535962176e-05
 0 0.006558023114200577 0.001021735946017448 0.006426179187951526 0.0001085770046220714 0.00377029790706058 7.815825631891254e-05
 0 0.008255474925831867 0.00067327193579749 0.007168927552438716 0.0002561800800876776 0.001418120572478335 0.0007052618049041516
 0 0.008103988806653792 0.00120530287124546 0.008926134745432281 0.0001401745250971708 0.002399453814948743 0.0001579050371177406
 0 0.005953825382070526 0.0002939601360260307 0.004037947653745064 0.0002390346537243267 0.01337407084131531 0.0001909084199912953
 0 0.01057807485087639 0.002678198614720285 0.009775832166944253 9.286603818273681e-05 0.0003503338009346248 9.418074751275932e-05
 1 0.001919486244437838 0.0005916346907239741 0.002217756489895649 0.01863072603942366 0.01807728046646439 0.0170313552609076
 1 0.001766496671617174 0.000590041957967147 0.0019443117220143 0.02066946114147699 0.01878436364624077 0.01710701808477794
 0 0.009008686964651262 0.001517828613089162 0.007947866721695871 8.171310771519041e-05 0.0005127172562181235 8.926263491178039e-05
 1 0.001899298377474405 0.0003083131332784008 0.0019182939992171 0.01502595504207117 0.01490914385895948 0.01438269013319562
 0 0.007017116539076531 0.0005141309523434395 0.006948945364564908 0.0001096746978364736 0.02102002312519391 0.0001146486882369668
 0 0.01450379230869518 0.0008851313908637615 0.01392044395982267 0.0001010918492433527 0.00464659741544146 0.0001254208545867586
 1 0.002254333603087519 0.0007414530154277248 0.002327111791320594 0.009148714075716432 0.0121442221665709 0.01151616474232009
 1 0.001584672627469509 0.0005661323961474481 0.001639126755936736 0.01600982547907779 0.01364424102253428 0.01400937609449487
 1 0.001770314111292074 0.0005172559546016604 0.001803111805949236 0.01616227811984633 0.01880977625996636 0.01725321868633992
 1 0.001933226698630003 0.0005692786047763271 0.001891491317294185 0.01587312533620598 0.0173093095554002 0.01561582731517207
 1 0.002067035161204527 0.000414081683566952 0.001963754038146369 0.02132812303586286 0.01831423461523492 0.02054068201624751
 0 0.01144327027770876 0.001240140755807726 0.01159991290756054 0.0001029842258382478 0.003561446677381481 0.0001310305333250395
 1 0.001733683818275586 0.0006004197060866147 0.001736671037697725 0.01488190688070055 0.01295202521067579 0.01283718765692976
 0 0.005652639006767482 0.001108122131135222 0.005964770601920698 0.0001297036351290904 0.003051527733655314 0.0001247925634164856
 0 0.008916611769112142 0.00087993491654054 0.008662502810467668 8.458977333267145e-05 0.006465659163276731 8.76983611997556e-05
 1 0.00161549199607775 0.0004087292973558554 0.001714526735672911 0.01747226772064168 0.01848128413053421 0.01804992947853527
 0 0.01083167695512492 0.001078191912915747 0.01087716092322302 7.950829285569865e-05 0.00238285591400582 8.576649700690454e-05
 0 0.008225189646670255 0.0006251205708783598 0.007861280113308123 9.846215803676287e-05 0.01217719225363866 9.631179555467682e-05
 1 0.002103995567748394 0.0004623783511870751 0.001621457672460014 0.01822749871538291 0.02337410154974741 0.01761983798012663
 0 0.008912813210954102 0.001609095385462572 0.009144568438562799 0.0001549470640500126 0.001584206625992102 0.0001722471911701862
 0 0.007787060936333004 0.0015295758470951 0.008125546533894622 0.000211240755421364 0.008554421533587033 0.0001691592707491426
 0 0.008406227298369802 0.0009104666592621666 0.008902744416929254 9.769109254777768e-05 0.003096536815486454 0.0001020652801713819
 0 0.007782772039502222 0.0009774532889165173 0.008212219207304642 0.0002486033152703429 0.01397910025187249 0.0002031754437136973
 0 0.00890111542974594 0.002364996635585836 0.008451411509808359 0.0001772645948758468 0.0005597255568429844 0.0001725594572726094
 0 0.01116569238055648 0.0007689651442883401 0.009907578266293016 0.0001126278858331654 0.004267701591415979 0.0001253244165610256
 1 0.0020766021252587 0.0006008253451895468 0.002022330982136022 0.013303511462278 0.009294246746197518 0.01313869421400704
 0 0.01031219378687426 0.0005667416505768766 0.00911299621063995 9.41866678732611e-05 0.002898393928778619 7.075150973402821e-05
 0 0.009669596392393903 0.00185377917319999 0.009323465187580562 0.0001617782262068145 0.001366043541010903 0.0001746658883027375
 0 0.008228841096941919 0.001016627525724472 0.007238677310275164 0.0001294106494555412 0.002185717393183957 0.0001080514686986528
 1 0.002775353240179337 0.0004569612994244359 0.002709554658702574 0.00358847088446633 0.003513031486175587 0.003471017551174233
 1 0.001598850536978322 0.0003573788951285827 0.001500196281578933 0.0128286636190332 0.01289752103230075 0.01581871579285922
 0 0.007606509582721594 0.001176575368238412 0.008222699820873312 0.0001151243189012848 0.001591225288485845 0.0001107868456820277
 1 0.002031296550997638 0.0006442031089263645 0.001724063261810718 0.01166637098252878 0.008012245278961426 0.01044022684268572
 0 0.01102108926252588 0.002386000108645324 0.009915655286332122 0.000102161902683189 0.001586253436671326 0.0001139888947995203
 0 0.009183327964878791 0.001048137626646488 0.009734272660292483 0.0001084979478105276 0.008953648534909658 0.0001098811470067226
 1 0.002496888468017384 0.0006591704685824398 0.002291475655383032 0.0108242161503614 0.0164338272668808 0.0109670438211815
