# Created by Octave 4.0.0, Sat Feb 27 15:17:49 2016 BRT <uluyac@uluyac-desktop-ubuntu>
# name: Dados_teste
# type: matrix
# rows: 48
# columns: 7
 1 0.001944797774183602 0.0007828064215002814 0.001869347586988748 0.01548484990320578 0.01773863385439161 0.01420248548845651
 1 0.001349464983748452 0.0004643281454405965 0.001256490996895507 0.01788954621869118 0.01891127299507686 0.01862479831153434
 0 0.01055278440122977 0.001100998044301015 0.0105893350802606 6.609286140125798e-05 0.001138109204402072 6.81063361033007e-05
 0 0.006703800350098183 0.0007895174423879733 0.006516958094005839 0.0001069114605894025 0.00459191905749576 0.0001102052429667192
 1 0.001595267162759359 0.0004940792364137788 0.001723499024135413 0.01106830679656155 0.01066861759681127 0.01293215297423111
 1 0.001919486244437838 0.0005916346907239741 0.002217756489895649 0.01863072603942366 0.01807728046646439 0.0170313552609076
 0 0.01093190066916568 0.001257287909666151 0.01034819895895725 0.0001053336383203255 0.00198459396241017 0.0001197484310165454
 0 0.01051515022914358 0.001216492220530929 0.009610178113295913 9.717921274648814e-05 0.001502595048194077 0.0001062887152957728
 1 0.00202999721884785 0.0004792184928000419 0.002060829116924159 0.01374069230788335 0.01566194194548952 0.01596569235251306
 1 0.001698764836473244 0.0004553792795511821 0.001536087425066513 0.01719752766117131 0.02093102738774993 0.01775814235780592
 1 0.001933226698630003 0.0005692786047763271 0.001891491317294185 0.01587312533620598 0.0173093095554002 0.01561582731517207
 0 0.01316976922093708 0.0007983923356863216 0.01399640134649307 7.244559436146357e-05 0.00331232554589753 6.900480817893967e-05
 0 0.00890111542974594 0.002364996635585836 0.008451411509808359 0.0001772645948758468 0.0005597255568429844 0.0001725594572726094
 1 0.001865967513276938 0.0004698229597755443 0.001806044621562173 0.008858114661496193 0.01015399232318858 0.0103103127938204
 1 0.00132953969216331 0.0004235030069392606 0.001554328180468606 0.01971158985666799 0.01682863687104488 0.01506611505368448
 0 0.009699474838347412 0.0008503583174462924 0.009968940845562381 0.0002945677740591138 0.008075308135491307 0.0002216916402178625
 0 0.008412851428473408 0.001382195379100596 0.00884153908975422 8.458320409840685e-05 0.0005274732063204669 7.496345777673501e-05
 1 0.001658710991026409 0.0004790759072567551 0.001577475155161713 0.01251753785494822 0.01145901505768817 0.01173684962534039
 0 0.006558023114200577 0.001021735946017448 0.006426179187951526 0.0001085770046220714 0.00377029790706058 7.815825631891254e-05
 0 0.01023968847642057 0.00115274904875516 0.0100311092940277 0.0001082339865279978 0.002564341520341695 0.0001402036505017172
 0 0.01242767848617333 0.0009350229493083502 0.01209587411608189 8.921820394542999e-05 0.005384076096126552 0.0001027666170807051
 1 0.002091224062359033 0.0004322153247379747 0.001922486905232431 0.0163089904036027 0.01675381366847678 0.01663568708860561
 0 0.009991137601510821 0.001046658339952336 0.008859165380342605 7.585358216262706e-05 0.001441974314021299 0.000107567880462109
 0 0.005672438107368249 0.0004292416808977561 0.006359615196680808 9.688491057063781e-05 0.001868045716720454 7.366338611387398e-05
 1 0.001888791234267558 0.0005141182455724543 0.001798262163532761 0.01886366350215566 0.02069304115859516 0.02014617573197739
 1 0.001530745051824039 0.000508000730878388 0.001713345756963045 0.01970363928461791 0.01981622459510986 0.01874337023799738
 0 0.008916611769112142 0.00087993491654054 0.008662502810467668 8.458977333267145e-05 0.006465659163276731 8.76983611997556e-05
 0 0.01298412969730311 0.001886009792122288 0.01349790872567552 0.0002008102708973855 0.004250951154625057 0.0001281622630073168
 1 0.002130154222982521 0.0006505053460992909 0.002129940963275357 0.01985027025579192 0.01825024315590525 0.01498463025698414
 1 0.002496888468017384 0.0006591704685824398 0.002291475655383032 0.0108242161503614 0.0164338272668808 0.0109670438211815
 0 0.009725205782750192 0.001144126428443266 0.009809732363649706 0.0001023943498655954 0.003009512272688813 0.0001387729458709704
 0 0.006731656227722273 0.001681806468031257 0.006626228591424037 0.0001612170949195142 0.003264002321557858 0.0001562694212503707
 1 0.001709364003157647 0.0006897780216988576 0.001904783198619103 0.01406459939363964 0.01503871114859456 0.01849533658187093
 0 0.00932748400574498 0.0009319294485296271 0.009065309783170057 0.0004818922877473509 0.01639450958180967 0.0005249253222776645
 0 0.008223483666416375 0.001104020193911605 0.007267641933708494 0.0003036699050859697 0.00832648124762795 0.0003806113019193565
 1 0.002027625088983216 0.0005121974615790382 0.00209003067656463 0.01608228038416087 0.01441283584285681 0.01427147156209146
 1 0.002031296550997638 0.0006442031089263645 0.001724063261810718 0.01166637098252878 0.008012245278961426 0.01044022684268572
 1 0.001793314870957135 0.0006115215407826457 0.001766512806390361 0.01600491576595416 0.01581275871996731 0.01742280331494391
 0 0.005953825382070526 0.0002939601360260307 0.004037947653745064 0.0002390346537243267 0.01337407084131531 0.0001909084199912953
 0 0.009013829094342016 0.0008760229965299853 0.008912373175137666 0.0001021803356593527 0.002706127238602115 9.181671297400235e-05
 1 0.002810507556136253 0.00172367204334007 0.002631609913771047 0.008716452281314438 0.008733457811713035 0.01003798952705305
 1 0.00177304167961547 0.0005045217678632898 0.001664652548934899 0.01590988791369256 0.01893731584579222 0.01506603004771257
 0 0.0122743099925514 0.001226869935601559 0.01234597787565647 0.0001233650605978926 0.002513086868922691 0.0001365580136235777
 1 0.002775353240179337 0.0004569612994244359 0.002709554658702574 0.00358847088446633 0.003513031486175587 0.003471017551174233
 0 0.009050520938029822 0.001455533408333081 0.009471856394753069 0.0001327907518338101 0.001121209251573626 0.0001389433077155156
 1 0.002273066244765287 0.0006157776714364018 0.002377164837118363 0.01553437721934544 0.01557309952592741 0.01386397890912098
 1 0.001909011185563514 0.0006668232796057973 0.002226014100419408 0.01593499810763279 0.01959836973008972 0.01218647780182862
 0 0.01005622315185743 0.002296443661390733 0.01038008322083159 0.0002034954404197825 0.00148384463135533 0.0001929399355877838


