# Created by Octave 4.0.0, Mon Apr 11 13:00:36 2016 BRT <uluyac@uluyac-note-ubuntu>
# name: Dados_teste
# type: matrix
# rows: 48
# columns: 7
 1 0.001761375866848632 0.000556655658276585 0.001938255847550633 0.01311825864856562 0.01301577047731176 0.01813983535242342
 1 0.002019957370932755 0.0004412526250065619 0.002049240158800693 0.0109349776074841 0.01063594747503378 0.01401875688014305
 0 0.01025452871336963 0.00171282970965372 0.009826606228442657 0.0001394745996667729 0.00116475035786061 0.0001609752366220465
 1 0.00172746619850081 0.0006163306919843857 0.001884557639115524 0.01404971731861852 0.01848373058924064 0.01374105020859959
 1 0.002273335681269454 0.0004282286430707455 0.001521479998141354 0.0119258097059102 0.01664248172522674 0.01688345516747283
 1 0.001701097969515475 0.0004040039761051534 0.001547462335528692 0.01842977815642609 0.01800026877267226 0.01555769649728542
 1 0.0020766021252587 0.0006008253451895468 0.002022330982136022 0.013303511462278 0.009294246746197518 0.01313869421400704
 1 0.001568756510857045 0.0004401983310302831 0.001894058827482528 0.01418689600178571 0.01031855453382697 0.01358498930572308
 0 0.01093190066916568 0.001257287909666151 0.01034819895895725 0.0001053336383203255 0.00198459396241017 0.0001197484310165454
 0 0.008521567141144982 0.0008084686188254813 0.00937442846207995 6.886011850852426e-05 0.001612032275191036 8.990899154685728e-05
 1 0.001355830059213519 0.0004540441676709574 0.001515488021468858 0.01504815353333673 0.01469902776606533 0.01448768017459352
 0 0.009605471561874876 0.001467525476676724 0.008675349746380089 9.667024610716463e-05 0.001382697376165749 9.76162700991063e-05
 1 0.001843014689538361 0.0005889258906908957 0.001766471757830637 0.01412643407177635 0.01434957852194419 0.01233107392087961
 1 0.002645071287497359 0.001338745077902139 0.00263182027848263 0.01465937194401351 0.01112890123438207 0.0115544389405635
 0 0.01316976922093708 0.0007983923356863216 0.01399640134649307 7.244559436146357e-05 0.00331232554589753 6.900480817893967e-05
 0 0.008237308759390261 0.001826135326375404 0.006181342459289354 0.0007830337462855833 0.006363710074814415 0.001103340702196214
 1 0.00226204075831688 0.0004424398804648408 0.004800871376280429 0.01659961553873839 0.004470158869491379 0.00182124101665747
 0 0.006558023114200577 0.001021735946017448 0.006426179187951526 0.0001085770046220714 0.00377029790706058 7.815825631891254e-05
 0 0.007661854900332991 0.001374009060857464 0.007107945836689238 0.000137453074579277 0.007196393559002401 0.0001983406761728355
 0 0.01450379230869518 0.0008851313908637615 0.01392044395982267 0.0001010918492433527 0.00464659741544146 0.0001254208545867586
 0 0.00768887950937229 0.0007896428501948528 0.007494439336811517 7.967157452722562e-05 0.002319153556604649 8.373776535962176e-05
 0 0.00766968832221107 0.001174453293112301 0.007413695467336291 0.0001825156082105788 0.00443566109183424 0.0001531123340275243
 1 0.00167423903380558 0.0002893523988921507 0.001527367549123012 0.01887266983919965 0.02062398153969984 0.01734105698541842
 1 0.001933226698630003 0.0005692786047763271 0.001891491317294185 0.01587312533620598 0.0173093095554002 0.01561582731517207
 1 0.001575715704768256 0.0004037887794758781 0.00155998553279113 0.009052138741021887 0.01081891533330035 0.009563011128797348
 1 0.002267531383939052 0.0008480356480994837 0.002014853386651637 0.01836881340844155 0.02164707112590778 0.01798892732667429
 1 0.001584672627469509 0.0005661323961474481 0.001639126755936736 0.01600982547907779 0.01364424102253428 0.01400937609449487
 1 0.001898806855192609 0.0003552320950642186 0.002003943251112452 0.01954051961938327 0.01695159507170165 0.01538245851877475
 0 0.006997423016277125 0.001784439633415394 0.006438943240089179 0.0001516429887602478 0.002416338277713097 0.0001564323526232373
 1 0.001917960186714578 0.0005183789784141429 0.001977564768966929 0.01692228834278334 0.01833674055830263 0.01754124978353707
 1 0.002027625088983216 0.0005121974615790382 0.00209003067656463 0.01608228038416087 0.01441283584285681 0.01427147156209146
 0 0.01048055071255534 0.005144432070602298 0.00975436454628432 9.94610879793207e-05 0.0004330186361874638 9.567899183349945e-05
 0 0.01254007842069411 0.001232640960593354 0.01222252685017926 6.708170282011945e-05 0.01056854741518832 7.594746766766997e-05
 0 0.01083167695512492 0.001078191912915747 0.01087716092322302 7.950829285569865e-05 0.00238285591400582 8.576649700690454e-05
 0 0.01193132880107668 0.001117386495536157 0.01187028811019305 0.0005327660109823042 0.006332551964111851 0.0005237326688993921
 0 0.00645002425095473 0.001568235500543118 0.006335958324755815 0.0001423643913247383 0.002542312755465944 0.000155539006421252
 1 0.001865967513276938 0.0004698229597755443 0.001806044621562173 0.008858114661496193 0.01015399232318858 0.0103103127938204
 0 0.007835370748220678 0.001412476496390018 0.007519920739192886 0.0001512458535156975 0.002734891874123529 0.0001800387649649673
 1 0.002026809357440723 0.0006061216900585682 0.002267870057792599 0.02169852068832612 0.02297882317421956 0.01876388654165125
 1 0.001598850536978322 0.0003573788951285827 0.001500196281578933 0.0128286636190332 0.01289752103230075 0.01581871579285922
 1 0.001490879374602635 0.0005230617127137136 0.001493422534800306 0.01017759049846448 0.01349561693451663 0.01389031146677576
 0 0.01144327027770876 0.001240140755807726 0.01159991290756054 0.0001029842258382478 0.003561446677381481 0.0001310305333250395
 0 0.01116569238055648 0.0007689651442883401 0.009907578266293016 0.0001126278858331654 0.004267701591415979 0.0001253244165610256
 1 0.002424200941268739 0.0005736510490648111 0.002386016339213418 0.004068529339324759 0.003979146029789449 0.003966765400910641
 0 0.01051515022914358 0.001216492220530929 0.009610178113295913 9.717921274648814e-05 0.001502595048194077 0.0001062887152957728
 0 0.007393895137955032 0.001099254263181732 0.007079015420348838 0.0001082195766962633 0.001823151488679728 0.0001161062987971818
 0 0.007787060936333004 0.0015295758470951 0.008125546533894622 0.000211240755421364 0.008554421533587033 0.0001691592707491426
 0 0.006703800350098183 0.0007895174423879733 0.006516958094005839 0.0001069114605894025 0.00459191905749576 0.0001102052429667192


