# Created by Octave 4.0.1, Wed Apr 20 07:02:04 2016 BRT <uluyac@uluyac-desktop-ubuntu>
# name: Dados_teste
# type: matrix
# rows: 74
# columns: 7
 1 0.0006178147121707212 0.0001995683127257815 0.0005041027220636299 0.01501761889260465 0.01704344317524882 0.01640540386446169
 0 0.0006117867998004968 0.0003061961600078035 0.0006022743465715312 0.0006311891583993433 0.0006054836131527279 0.0006759829313923156
 0 0.0004266751282483565 9.11641814812397e-05 0.0004264820632945895 0.000231369338822921 0.0002265329221347779 0.0002476557939409559
 1 0.0004849595981550434 0.0001816772593328099 0.0005168637283227372 0.01633087689898239 0.01581288428019885 0.01730916293331648
 0 0.0004328141184569726 0.0001235440883864138 0.0004958163332255804 0.0006556549605488236 0.0005835760543363198 0.0006723930749026228
 1 0.0005039610527330105 0.000137330943076769 0.0005261798619645565 0.01624596333853996 0.01666939240227565 0.01319714427652185
 1 0.0004815416007003027 0.0001124974240609915 0.0003881124380208713 0.01704808219812154 0.01618962623763755 0.01735283614940749
 1 0.001735857817640798 9.847196699799764e-05 0.002320371060573007 0.001046628537521661 0.001139361694887228 0.0007700617800790138
 0 0.00055742941076924 0.0002371664591975231 0.0005113496062719943 0.0005589473779500954 0.0005335084980425206 0.0006017990238261627
 1 0.004670223256837138 7.015061768421191e-05 0.006817646042803478 0.000728081033133442 0.0007251836381557168 0.0007251297215423631
 0 0.0005414517853236547 0.0002416319849674787 0.0005751144356891191 0.0006840497217496662 0.0006907594233099361 0.0007495490342939931
 1 0.001255590269215513 0.0002002865649283702 0.001971472695273127 0.001041437133676188 0.001633863311159594 0.0007672414100224564
 0 0.0004788836503943629 0.0001988190937837746 0.0004126029272294648 0.0007082790822052588 0.0006610632405025833 0.0007552870663524357
 0 0.0004131195841980525 7.9908550578507e-05 0.0003594362123876879 0.0001639657089181165 0.0001586492220625118 0.0001835085945108284
 0 0.0005704675274656158 0.0002287510677336841 0.0005699794148309257 0.0006229018869175333 0.0006103398246466437 0.0006963777950386989
 0 0.0005085619563642014 0.0002185091770807524 0.0005705421523099363 0.000619913603940481 0.0006602239439186249 0.0006671426606394969
 1 0.008351855469351594 8.543761362856509e-05 0.01025736970988373 0.001408252805215042 0.001443536409914205 0.0007315054483848609
 1 0.0003418573300529432 8.589739844748099e-05 0.0004184879153512463 0.009104013124926041 0.007622533776787547 0.009350752950322021
 0 0.0005383680940170206 0.000225924827118937 0.0006108458885089469 0.0006301494054065966 0.0005863973294870959 0.0006824809858065093
 0 0.0004395740764678858 0.0001773689642884394 0.000412814382085103 0.000537913962817901 0.0005017114036507673 0.0005567742092706756
 0 0.0004953777744280257 0.0001136306487427821 0.0004613766899255146 0.0001737333076629059 0.0001720086411668994 0.0001859639081431712
 1 0.005070649800584887 0.0001052453269219246 0.005914123455135849 0.000727343488867928 0.0007288826036695988 0.0007220908566648672
 0 0.0006299063832581157 0.0002914777075590898 0.0006231974784091127 0.000493456968720534 0.0004706649071129239 0.0005044937123822377
 0 0.0004307422367617588 0.0001006230956103457 0.0004418713210006325 0.0001944212025650758 0.0001912653542766125 0.0002047910837445565
 1 0.0004295253723409828 0.0001322638317417034 0.0004424065972024583 0.01634546044871544 0.0162219463749211 0.01438790722724824
 0 0.0004301714898485847 0.0001390409518480589 0.0004192432781343595 0.0005787354796117252 0.0005675765857278808 0.0006221727236076443
 1 0.001033620857293107 0.0001678070053033885 0.00788524846714612 0.001338542617290132 0.003106445788991212 0.0007262304124327855
 1 0.0004123625749231853 0.0001399916377945807 0.0004025004032376271 0.01967128457008577 0.01619651982192516 0.01613215558452125
 1 0.0004042987981178347 0.0001356710171843457 0.0003447542398480357 0.01740919053806854 0.02410634306852745 0.01204518328565105
 0 0.0007982387088118661 0.0004142448570060916 0.000728823280615763 0.0006755639970872434 0.0006316505487612647 0.0006995069165405364
 0 0.000441915264852158 0.0001652719026584052 0.0004849049256521471 0.0006631762603970717 0.000622868722271371 0.000698257937041164
 0 0.0004997679256134453 0.0002899962191337544 0.0005490801566785646 0.0006223467022606503 0.0005874355664976208 0.0006794628155539971
 1 0.0004831332259237877 0.0001445110964320107 0.0005151472910587625 0.01449027226870393 0.01392139004631172 0.0154380308148457
 1 0.0003264982438830302 8.091907543256767e-05 0.0003898192833731592 0.01390343792294193 0.01690473066141204 0.0141101673451866
 1 0.004781526824686682 8.985405090860785e-05 0.006361774220503918 0.0007322389290793958 0.0007276781119633498 0.0007309645285474766
 1 0.0006458969597069325 0.0001804376204582871 0.0004746151136784634 0.01512277400074906 0.01567099997208857 0.01957305413064591
 1 0.0002838798673791329 7.078841631636555e-06 0.0002922839593478383 0.006492689695217557 0.005048534612620627 0.006107585573766533
 1 0.0006711414335540617 0.0001433392731034494 0.0004338484413501704 0.03467717931296315 0.01788733259661764 0.01926396585979033
 0 0.0006435169191101545 0.0003133903089243965 0.0005334956670189248 0.0006758979549823819 0.0006153409868190166 0.0006522562351364125
 0 0.000432813448638553 0.00015073903494129 0.0004479357689162765 0.0007284202738854907 0.0007122050784492571 0.0007697887840986678
 0 0.0003450458262022234 0.000268774425247236 0.0006255174108313943 0.01256615527606223 0.01065523440421483 0.01999518717932068
 1 0.004332102711500962 9.687637287963879e-05 0.006368386850212278 0.000724285085769008 0.0007251679364615351 0.0007299046204991551
 0 0.0004919017582105802 0.0001278542017078281 0.0004981390224729082 0.0001603227575658875 0.0001583683259475078 0.0001686658332885962
 0 0.000439483675946152 0.0001887338430633626 0.0004237570005819448 0.000678094591281181 0.0006148628863572934 0.0007320225802524925
 1 0.0005256402477615766 0.0001317964849911687 0.0004903219981520277 0.01567216915516672 0.0174117486141208 0.01872338465369963
 1 0.005108018243020053 2.541502282768061e-05 0.0005409951529410673 0.000723473834551068 0.0007332130277086563 0.06166242012519609
 1 0.003790096723880718 0.0001196813672858391 0.006366441884174464 0.0007197234396147974 0.0007299694824458621 0.0007278057373763898
 0 0.0006142277589555289 0.0003033329233137484 0.0005618200622297087 0.0005322861024139685 0.0005195459719627813 0.0006187839924597194
 0 0.0004531995546076237 0.0001234534475544075 0.0004355313499007551 0.0005605323696299489 0.0005737799045244665 0.0006171763591864183
 0 0.0003592773098890017 8.719356159658054e-05 0.0004041531765299905 0.0002059048787321835 0.0001884662495766696 0.0002185576039555827
 1 0.004771070832810637 9.558576295777844e-05 0.006938798181219072 0.0007204965042311796 0.0007281781500693362 0.0007257513528211977
 0 0.0004009885143555203 0.0001058465056206471 0.0003930820542168725 0.0003782049993606287 0.0003597803737295137 0.0003912188892240809
 1 0.0003620231051372155 0.0001646600356524308 0.0003357990935736786 0.01740971573818329 0.01715278272617212 0.01532408939668292
 1 0.0003703422006527327 0.0001274153795462953 0.0003729259981454069 0.01563923950102264 0.01655895935708777 0.01754394292117643
 1 0.0102113387055488 8.74264085861248e-05 0.01103573216450623 0.001440969402726126 0.0007312994081790508 0.0007313380590285575
 0 0.000438508367053627 0.0001895836695387587 0.0004083576502460308 0.0006602324851408996 0.0006535995645177104 0.0007034084636903795
 1 0.0003531205622499135 1.005494802546632e-05 0.0003584537942724326 0.007663185895020411 0.00449093367925542 0.005551333122234426
 1 0.001843433015520765 9.21569775201155e-05 0.003141367073057864 0.0007456837575537189 0.0007942070837639332 0.0007137438835414963
 0 0.0005934917293524702 0.000286884385788237 0.0005763976879870851 0.0006832180236356985 0.0005549967975490574 0.0006507513687582265
