# Created by Octave 4.0.0, Mon Apr 11 18:18:30 2016 BRT <uluyac@uluyac-note-ubuntu>
# name: Dados_treinamento
# type: matrix
# rows: 296
# columns: 7
 0 0.0005584001273279684 0.0002384743470896685 0.0005662451826220211 0.0004925033947679319 0.0004730795261851445 0.0004887629435975357
 1 0.006780641592471473 0.0001357101251957777 0.006530804620134357 0.0007261820231254276 0.01491131539209013 0.0007263823892091792
 0 0.0005660856624732812 0.0002155322083812618 0.0005453472233533897 0.0007805030005403017 0.0007467251594043818 0.0009071690065347459
 0 0.0008392169098221943 0.0004569646531278854 0.0007464685222509507 0.0006805246609784421 0.0006376630760293728 0.0006938610064543716
 0 0.0005935092339595517 0.000216535092586526 0.0005643138922220103 0.005811006853895836 0.007274039533267196 0.007919268715689652
 0 0.0007523406042328868 0.0004254658531259185 0.000652169398561368 0.0005664195664352716 0.0005422272264416286 0.0007426092965700314
 1 0.002028094574217342 0.0001471012890714683 0.001941360811883159 0.0007353465948756068 0.0008032591524979272 0.000795197571719085
 0 0.0005427940249526526 0.0001377138770226496 0.0005503320971113421 0.0001479326693822389 0.0001430262536263526 0.0001609763636937614
 1 0.0004778908056198426 0.000118108028862067 0.0005151472049226616 0.01446121668056224 0.01217144520925832 0.01543803590316147
 0 0.0004495259900570066 0.000155126068326597 0.0004503602120214721 0.000553928960163916 0.0005269575461050287 0.0005923737766013095
 1 0.003437641250480651 0.0001160951743474428 0.002904855402980465 0.0007274360713014312 0.0007208507828462799 0.0007462752985600198
 0 0.0005739120112039541 0.0003228637549744218 0.0006279284406424668 0.0005166468739786807 0.0005330333165334916 0.000561243159385939
 0 0.0007081991683889085 0.0003346765505699088 0.0006479528123830554 0.0005164381891784751 0.0004932241352261889 0.0005281478626553799
 1 0.004954748331019863 9.863075565748179e-05 0.005938640998780466 0.000724008708287822 0.0007279065153670037 0.0007214830029373736
 1 0.005784465400631423 0.0001264495486367077 0.005003911103439591 0.000725582292832657 0.0007245604567451056 0.0007183420652682747
 1 0.003118815309608036 0.0001270379529637525 0.002628934744413231 0.0007314363431658548 0.0007346153475625943 0.0007349188726116668
 0 0.0004654598293310569 0.000185897210726372 0.0004607746831250391 0.0006182824394438392 0.0006298384642427692 0.0007296703240230788
 1 0.003996967286006024 8.294398618210986e-05 0.006549772746060618 0.0007269160277584999 0.0007262481915349111 0.0007247315135025305
 1 0.000593129675174424 0.0001605452785233032 0.0004903219914264497 0.01584595709307429 0.01617121367833729 0.01872338543738261
 1 0.005190446509842306 0.000122582586775524 0.0005074753011285663 0.0007249418839756902 0.0007230404044319274 0.01001005310282549
 1 0.0003990546831711369 0.0001954792628317326 0.0004237286824098567 0.01892460321961871 0.01735763003240972 0.01666588582664919
 0 0.0005603242661958616 0.0002214802142726775 0.0006617318668720996 0.0006119809870716669 0.0006018898672072973 0.0006222176678414862
 0 0.0004830417725307392 0.0001853873255954627 0.0005205732244762073 0.000627377944086076 0.0006176755195896287 0.0006533556074630465
 0 0.000430171510021362 0.0001390409831413692 0.0004192432701483951 0.0005787348592835261 0.000567577115402321 0.0006221726626458371
 1 0.004458456670269987 0.0001050080245511817 0.00326373855602581 0.0007310265810509445 0.0007242873377740974 0.0007145779575620268
 1 0.0004326986189122191 0.0001050993202371759 0.0004903300358461069 0.01481477656167215 0.02008682907600682 0.01400551945611555
 0 0.0008457819424245455 0.0004671036484658819 0.000798951196845477 0.0005659964926160904 0.000528337451885641 0.00057528548245676
 1 0.0004786476462866898 0.0002098307832451298 0.0004544396698105854 0.01710003095652429 0.01700205010308176 0.01849701984026788
 0 0.0005678049641326105 8.820889430859669e-05 0.0005653243897882435 0.003551633748728225 0.001874820637842339 0.001580310003232417
 0 0.0004266959062329902 0.0001383864694999239 0.0005301782097345239 0.0006872129074104806 0.0006464674061216547 0.0007257571395110294
 1 0.000491115769876744 0.0001484342718767597 0.0003149970640073207 0.01765375212407079 0.01580121331755385 0.01592993601180938
 1 0.0004078356603915419 0.0001402445728245061 0.0004985588346634822 0.0191092935393091 0.01595908885576232 0.0188391420998432
 1 0.005070684595176764 0.0001052463954886464 0.005914120024179396 0.0007273435147801571 0.0007288824687604119 0.0007220908226091137
 0 0.0004838967184232868 0.0001542794220968616 0.0004166690735398618 0.0005803831731434883 0.0005611429568921516 0.0006170048568536995
 0 0.0004855155101360747 0.0001314324328231131 0.0004214202238286249 0.002092027035392674 0.001513303377758419 0.001674340650831077
 1 0.002670007385597834 0.0001586490956045955 0.002322567321417375 0.0007158834795085987 0.0007264021530901698 0.0007309501316099151
 0 0.0003752793602221078 0.0001033476059009562 0.0004318531058331555 0.0001761417916020964 0.0001720790493571666 0.0001915788891361391
 1 0.004418124647733884 0.0001132638357450817 0.004268404800887966 0.0007204714608370923 0.01562925748894031 0.0007199687412405097
 1 0.0005124722749688536 0.0001384444441252606 0.0004558575425004022 0.0180335279478136 0.01708670984150281 0.02015400329640521
 1 0.006996502316473602 0.0001174670316648064 0.007162977890525096 0.0007268780953655148 0.01701580130981679 0.0007249958578946234
 0 0.0006538099953575115 0.0003352823417556843 0.0006166727170779507 0.0008835830937259947 0.0007757273533404334 0.0008176990550490339
 1 0.002134144574083059 0.0001366611237695352 0.001958816020038907 0.0007550750030183369 0.0007474440901210683 0.0007925258321680911
 1 0.0004166099952156567 9.415444982170965e-05 0.0003674362729660996 0.01907528742092113 0.01810552161843429 0.02024222323637294
 0 0.0004919015634164111 0.000127854224924892 0.0004981391690074635 0.0001603237367290275 0.0001583678125348293 0.0001686656869301764
 1 0.003844756076674778 0.0001744366297719083 0.005652583184577435 0.0007198584231154912 0.0007254836593605141 0.0007272372083233088
 1 0.0004289775932955034 0.0001300613910573214 0.0005225402735996263 0.01781679755789119 0.01697941051252945 0.0201568866304762
 1 0.0003703425931417007 0.0001274156225040141 0.0003729262497388647 0.01563921930294869 0.01655898403039404 0.01754395918062834
 1 0.0004365094426009637 0.0002085184974806606 0.0004187272218935034 0.01818835444380712 0.01873855080757682 0.01232034749617438
 1 0.002536053783060525 0.0001543590572591716 0.002145463381334365 0.0007532037212817452 0.0007460119307454401 0.0007574581291125344
 1 0.01063628057013733 9.334677483345027e-05 0.00560476991485806 0.001447687965857338 0.001450326599559616 0.0007310453431691974
 1 0.0003061712769388693 0.0001705375894352532 0.0004308750410017506 0.01919034254713854 0.01542838517549786 0.01775737019362032
 1 0.0003672424032174253 0.0001053297723553525 0.0004662996229096024 0.01915025249394091 0.01695108527308924 0.01756122504257305
 0 0.0005321608289283245 0.0001844785260559208 0.0005830533929850654 0.0006360486195224013 0.00058289029281368 0.0005937152350610537
 0 0.0004359848160777912 0.0001305086663032044 0.0004204985445116338 0.0006233812903642946 0.0005791179923444094 0.0006465666239275138
 1 0.0004145757317834243 0.0002152588214051104 0.0004572577214673261 0.0175659896632015 0.01307996477079627 0.01384524123063388
 0 0.0006435169402471379 0.000313390357606326 0.0005334956237687277 0.0006758971993626704 0.0006153416032579253 0.0006522561668390543
 1 0.0003391504231043262 0.0001624204772854902 0.0003922318377463496 0.01631697046519835 0.01619546796335897 0.01614559924433343
 1 0.01156369325292777 6.151959283939732e-05 0.01224770139371972 0.001439719986395061 0.001446535128475632 0.001451349998431079
 0 0.0003859025593817477 0.0001996812851703583 0.0003824303312633048 0.01552651290636486 0.01554395604862687 0.01566234571743641
