# Created by Octave 4.0.0, Thu Apr 14 16:33:46 2016 BRT <uluyac@uluyac-note-ubuntu>
# name: Dados_teste
# type: matrix
# rows: 74
# columns: 7
 0 0.0005537266498186728 0.0002137095429579547 0.0005331033405232192 0.0008164164366479525 0.0007827775170808122 0.000994664311087653
 0 0.000530164290287874 0.00023929018907523 0.0005055783952597913 0.000531210060182876 0.0005301733760017289 0.00057386826205192
 0 0.0004328134905601027 0.0001507390416297467 0.0004479357288559678 0.0007284195048476224 0.0007122057950829745 0.0007697887170872642
 1 0.003179113242274797 0.0001113978969620371 0.002693613200429353 0.0007451289100605345 0.0007297275022423957 0.0007423460616898375
 0 0.0009038227325649095 0.0005902315746435227 0.0009249998698112946 0.0007586116803563053 0.0006989744679841138 0.0007559865660356365
 1 0.004652472303857038 0.0001411678795040511 0.006304781799374251 0.0007240091156047691 0.0007258431405622249 0.0007297633083078798
 0 0.0004788836384874848 0.0001988190858792287 0.0004126028965111179 0.0007082782620843183 0.0006610638798031615 0.0007552869955767987
 1 0.0004930320559339442 0.0001361187601087544 0.0005089094220285627 0.01602478395595114 0.01702305763681147 0.01660438117070805
 0 0.0004479308489906887 0.0001635399716546831 0.0003802709183873278 0.0006145183529776057 0.0006140720480524432 0.0006792922595085799
 1 0.006996502316473602 0.0001174670316648064 0.007162977890525096 0.0007268780953655148 0.01701580130981679 0.0007249958578946234
 0 0.0004830417725307392 0.0001853873255954627 0.0005205732244762073 0.000627377944086076 0.0006176755195896287 0.0006533556074630465
 1 0.008515677954762308 0.0001433468082394238 0.008874886516119144 0.001424939361232363 0.0007250273822042607 0.001447588281776878
 1 0.0003673123087593243 0.0001203560952338927 0.0004290102539802662 0.01769266082586896 0.0171455712792014 0.01904252691832342
 0 0.0003592778026769786 8.719235208229045e-05 0.0004041524368592128 0.0002059026453501884 0.0001884718693418829 0.0002185599415175033
 0 0.0005660856624732812 0.0002155322083812618 0.0005453472233533897 0.0007805030005403017 0.0007467251594043818 0.0009071690065347459
 1 0.0004513636396111402 0.0001548489077400469 0.0003479268600335679 0.01760020492080812 0.01875667185052507 0.01555006806091373
 1 0.002028094574217342 0.0001471012890714683 0.001941360811883159 0.0007353465948756068 0.0008032591524979272 0.000795197571719085
 1 0.004161065363324406 0.0001089117328827558 0.005875994688806347 0.0007167461133989319 0.0007276403978791495 0.0007204798147103638
 1 0.0003962933061813206 9.202399433431624e-05 0.0004446271763448983 0.01248575025618667 0.01767907655756094 0.01856876218004781
 0 0.0005450593413615569 0.0001259731217689675 0.0005482898086523954 0.0001365813267681348 0.0001292260675358367 0.0001434011389800843
 0 0.0004579502635227165 0.0001326166076170167 0.0004894487518366926 0.0006326120144953541 0.0005957760054600196 0.0006608895779632465
 1 0.007327777022088111 9.638723878936446e-05 0.0005321167659543623 0.0007276058850652585 0.000725556308555204 0.00942340952086961
 0 0.0005363853244954583 0.0001250594151386377 0.0004430486304278844 0.004496717063446177 0.003187587208057647 0.003530895480124103
 0 0.0005877811535796157 0.0002880490048588034 0.0006899578980221194 0.000638870791073707 0.0006247118527181078 0.0006574099513861549
 0 0.0004531995089578498 0.000123453384922561 0.0004355313300211209 0.0005605317761877388 0.0005737804123218508 0.0006171763001479264
 1 0.00364821677682829 0.0001224771469374113 0.006038117702103112 0.0007253760553557145 0.0007219796064026747 0.0007283562582664808
 1 0.005465714491678928 0.0001072528846201504 0.005395368251266504 0.0007254227303986848 0.0007268428779532168 0.0007176241700061585
 1 0.0004778908056198426 0.000118108028862067 0.0005151472049226616 0.01446121668056224 0.01217144520925832 0.01543803590316147
 1 0.0004326986189122191 0.0001050993202371759 0.0004903300358461069 0.01481477656167215 0.02008682907600682 0.01400551945611555
 0 0.0005027016003384271 0.0002320140056624399 0.0005096108721857699 0.0005297784428762397 0.0005344910543957121 0.0005913457411656608
 1 0.0005066334245310255 0.0001789327444592667 0.0004853983786318829 0.01702426008803679 0.01060046112012383 0.01659023390441182
 0 0.0003450297566436881 0.0002687748677531516 0.0006255195436588811 0.01256683681938124 0.01065541465547631 0.01999502006619991
 0 0.000631450143940236 0.0003677861462163915 0.0006057011358295074 0.00113148468404368 0.0008638436889054155 0.0009801719063578032
 0 0.0005093285623920356 0.0001037205768140851 0.0004797924588584444 0.0007221737837335636 0.0007165630973966769 0.0007252391034335656
 1 0.002670007385597834 0.0001586490956045955 0.002322567321417375 0.0007158834795085987 0.0007264021530901698 0.0007309501316099151
 1 0.003118815309608036 0.0001270379529637525 0.002628934744413231 0.0007314363431658548 0.0007346153475625943 0.0007349188726116668
 1 0.0004211046159502237 0.0001191696173108069 0.0004820646871171593 0.01886651630760311 0.01773329247251531 0.01818439758056829
 0 0.0004919015634164111 0.000127854224924892 0.0004981391690074635 0.0001603237367290275 0.0001583678125348293 0.0001686656869301764
 0 0.0004971832696367144 7.987461520305906e-05 0.0004718580654695531 0.0005026161058444752 0.0004846783400575564 0.0005017055770000118
 1 0.01041552340508956 9.027653769027258e-05 0.008519361234706275 0.0007298413917272259 0.0007324176761001316 0.0007305026900631289
 0 0.0006538099953575115 0.0003352823417556843 0.0006166727170779507 0.0008835830937259947 0.0007757273533404334 0.0008176990550490339
 1 0.003016862480368426 0.0001442831386203454 0.002413615782582145 0.0007343553394270032 0.0007531770688761851 0.000732538457293722
 1 0.0005228961535354351 0.0001457238381189337 0.00041986244941129 0.01870865153310036 0.01400247115423625 0.01437780361108628
 1 0.00198336687863202 0.000163576066898528 0.001971472030731065 0.0007570207759094646 0.0007709845733745881 0.0007672414939085922
 0 0.0004299495431396958 0.0001733251636733692 0.0004633912244833202 0.002308360167802224 0.001473548132523625 0.001712575869042379
 1 0.00225365814724155 0.0001813582892186096 0.00151751914185217 0.0007529743715485745 0.0008905716204666899 0.0008432398713321649
 1 0.005108015784527825 0.0001653050321740912 0.005028412221053847 0.0007234738219300885 0.01688361751737692 0.0007256882704489659
 0 0.0003791718873695524 0.0001277226368866742 0.0003595612918685468 0.0003831715126555376 0.0003855219859808042 0.0004013540282658953
 0 0.0004839776495522829 0.000129471259271761 0.0004639925340621549 0.0001149573759593354 0.0001098224855289922 0.0001225823768718059
 0 0.0007081991683889085 0.0003346765505699088 0.0006479528123830554 0.0005164381891784751 0.0004932241352261889 0.0005281478626553799
 0 0.0008393729610665509 0.0005341537305275678 0.0008622011703434092 0.0005459689706534015 0.0005359959797656662 0.0005432377092505914
 0 0.0004395740755844676 0.0001773689527903874 0.000412814375397357 0.0005379133775646577 0.0005017118657000601 0.0005567741478167486
 1 0.0005008522895169598 0.0001618469548474963 0.0005084435280048714 0.01798646691252334 0.01959401275300689 0.01923751693168677
 0 0.000482584058557617 0.0001117854373841775 0.0004708437160490188 0.0002196747294854616 0.0002132748486626864 0.0002304678540332382
 0 0.000362775133414284 0.000128598857876018 0.0003938275394951399 0.0006037825258732438 0.0005833535056666975 0.0006761518667105839
 1 0.0003258901688232525 0.0001285838092383407 0.0003550914204692713 0.01750297762378444 0.01460777438085721 0.01694406545821014
 0 0.0005414503638224349 0.000241632124268673 0.0005751139215508947 0.0006840495467873597 0.0006907600581935757 0.0007495491544202447
 1 0.0004882122704004015 0.0002134174030642757 0.0003958363336448095 0.02068793867104608 0.01329714781635681 0.01578282438043885
 1 0.007601612257200409 0.0001138015008723298 0.000483767335998169 0.0007304144936836152 0.0007292829146615322 0.009351199619697539
