# Created by Octave 4.0.0, Wed Feb 24 15:43:43 2016 BRT <uluyac@uluyac-note-ubuntu>
# name: Dados_teste
# type: matrix
# rows: 74
# columns: 7
 1 0.007327777022088111 9.638723878936446e-05 0.0005321167659543623 0.0007276058850652585 0.000725556308555204 0.00942340952086961
 0 0.0008392169098221943 0.0004569646531278854 0.0007464685222509507 0.0006805246609784421 0.0006376630760293728 0.0006938610064543716
 1 0.0004286650026150047 0.0001344573741979263 0.0004091363138347207 0.01343894590678298 0.01688391806085328 0.01886101845039889
 0 0.0003592778026769786 8.719235208229045e-05 0.0004041524368592128 0.0002059026453501884 0.0001884718693418829 0.0002185599415175033
 0 0.0004577128792041001 0.0002102684693762654 0.000447184463741034 0.0005683270248139527 0.0005317787395756354 0.0006219045833251342
 1 0.005070684595176764 0.0001052463954886464 0.005914120024179396 0.0007273435147801571 0.0007288824687604119 0.0007220908226091137
 0 0.000407287468443867 0.000107786977639347 0.0004446257291491949 0.0002479968481413889 0.0002448622476788766 0.0002601537272044803
 1 0.005431248957035187 0.0001004820922385394 0.005616136079181776 0.000729732157583102 0.0007157107964573754 0.0007283168348418528
 1 0.0003962933061813206 9.202399433431624e-05 0.0004446271763448983 0.01248575025618667 0.01767907655756094 0.01856876218004781
 1 0.0101771560296427 9.248773951364047e-05 0.007885243236065759 0.0007291125088312057 0.0007279169315301204 0.0007262304061382449
 1 0.004652472303857038 0.0001411678795040511 0.006304781799374251 0.0007240091156047691 0.0007258431405622249 0.0007297633083078798
 0 0.0005137994031797374 0.0001127955058948018 0.0004976276213406758 0.0001892722321987732 0.0001862254645148224 0.000195673266863806
 1 0.00979640624148934 0.0001126094135367233 0.005522618852268637 0.001433623690771153 0.001441203568147906 0.0007256699639620641
 0 0.0003914781654876451 0.0001029310001357043 0.0004158513350954415 0.0004410214181401097 0.0004391621214398113 0.0004515915973415413
 0 0.0003978569263657735 8.994789121898057e-05 0.0004370936083876858 0.0002031629605196412 0.0001897587042406574 0.0002201473586973535
 1 0.0004365094426009637 0.0002085184974806606 0.0004187272218935034 0.01818835444380712 0.01873855080757682 0.01232034749617438
 0 0.0004531995089578498 0.000123453384922561 0.0004355313300211209 0.0005605317761877388 0.0005737804123218508 0.0006171763001479264
 0 0.0008688272155359569 0.0005142637423577192 0.0008070975754520434 0.0005882638576109815 0.0005384739266833927 0.0006026127098971885
 1 0.003757066538990281 0.0001635756903628397 0.002171016721529651 0.001387500281045591 0.00144014838973362 0.001559357604990677
 1 0.003556284537603768 0.0001086154220563508 0.006462691713528446 0.0007340798984376186 0.000724563896146174 0.0007194139934034607
 0 0.0005454730719875724 0.0002480964479393739 0.0005273559526088274 0.0005831871570692607 0.0005658609182059631 0.0005602785157848095
 1 0.0005008522895169598 0.0001618469548474963 0.0005084435280048714 0.01798646691252334 0.01959401275300689 0.01923751693168677
 0 0.0005572560074848243 0.0002346312697271514 0.0005131566871987212 0.0007067328547978219 0.000636973509285118 0.0007566562707514436
 1 0.0004767190705597966 0.0001826779081763184 0.0003952196692829069 0.01705274270940407 0.01569361361864302 0.01956829693370147
 1 0.006996502316473602 0.0001174670316648064 0.007162977890525096 0.0007268780953655148 0.01701580130981679 0.0007249958578946234
 0 0.0004472992645788836 0.0001099815103498525 0.0004175194025643985 0.0002454366209611797 0.0002430386463567073 0.0002597844339921995
 0 0.0005704670907707843 0.0002287511358028725 0.0005699787475355084 0.0006229010691184534 0.0006103404169689042 0.0006963776280931777
 1 0.0004464794644516395 0.0001616132878065268 0.0003986848537021572 0.01595312830380923 0.008887916858010308 0.01370488629928419
 1 0.0004396111781097924 0.0001754582504744536 0.0004164565837361022 0.01895522359386337 0.01909314254145827 0.0112040766473458
 1 0.0003974977772207096 0.0001153585079630213 0.0004620639397782392 0.0203209145005485 0.01789506148914368 0.01510816846689694
 0 0.0003791718873695524 0.0001277226368866742 0.0003595612918685468 0.0003831715126555376 0.0003855219859808042 0.0004013540282658953
 1 0.0004128099521254406 0.0001779542811400583 0.0003574529846039085 0.01724519121113932 0.01317164565508459 0.01764985357463534
 1 0.003151240246725253 9.847094472129391e-05 0.00266839378832728 0.0007357469597635816 0.0007376181981275878 0.0007443572464660321
 0 0.0004509787135410677 0.0001712277975825542 0.0004021310820292973 0.0006491895090128731 0.00059984453823055 0.0006525762014103632
 0 0.0004954841997848395 0.0001299373769979281 0.0005083033322044186 0.0001634731219474528 0.0001607672489651246 0.0001731325814692811
 1 0.0005429294532322327 0.0001488965765898833 0.0003496170971495937 0.003517810815495006 0.01176420815606669 0.005491472266458294
 0 0.000570484677191368 0.0001404864867433951 0.0005671124058434223 0.0001909441885646179 0.0001880950336632822 0.0001990531618450481
 1 0.000626379765156973 0.0001438492421882455 0.0005108057340150872 0.0195041191271833 0.01930840069142824 0.01700325157416516
 0 0.0004779260633194096 0.0001048477865445021 0.0004719273982406194 0.0004124127308058141 0.000376059194145187 0.0004544270070590349
 0 0.0005739120112039541 0.0003228637549744218 0.0006279284406424668 0.0005166468739786807 0.0005330333165334916 0.000561243159385939
 1 0.00364821677682829 0.0001224771469374113 0.006038117702103112 0.0007253760553557145 0.0007219796064026747 0.0007283562582664808
 0 0.0004328141563052335 0.0001235441000565863 0.0004958163346574791 0.0006556541917836336 0.00058357659925235 0.0006723930160777187
 0 0.0003859025593817477 0.0001996812851703583 0.0003824303312633048 0.01552651290636486 0.01554395604862687 0.01566234571743641
 0 0.0005696504915636434 0.0002553951109858573 0.0005073257042401732 0.0006657178469066623 0.0006521679444141015 0.0007240873936567397
 1 0.003203410522947977 0.0001268425753399222 0.003344850264628992 0.001383320347437319 0.001451254027510087 0.001406876592724147
 0 0.0005093285623920356 0.0001037205768140851 0.0004797924588584444 0.0007221737837335636 0.0007165630973966769 0.0007252391034335656
 1 0.0003036289962643201 8.7229290309725e-05 0.0002748143211619088 0.01383256336407124 0.01435876714673716 0.01410476990584302
 0 0.0004615689873158189 0.0001003838064729638 0.0004277710832237643 0.0001790803428216127 0.0001733574554288475 0.0001888354127250514
 1 0.00225365814724155 0.0001813582892186096 0.00151751914185217 0.0007529743715485745 0.0008905716204666899 0.0008432398713321649
 1 0.0003569049710945685 0.0001254505275346884 0.0003183808843685142 0.01531193342412986 0.0146744164846811 0.0165793977411334
 0 0.0004856284291850818 0.0002399757856454884 0.0005071223372808823 0.0006034805430098983 0.0005720898751525498 0.0006400255359506302
 1 0.0004513636396111402 0.0001548489077400469 0.0003479268600335679 0.01760020492080812 0.01875667185052507 0.01555006806091373
 1 0.0003280551357038019 0.0001087292505756316 0.0004403242370317462 0.01404200203095394 0.01606414532444584 0.01588031140316535
 0 0.0005934915899448587 0.0002868844070308249 0.0005763976745170957 0.0006832173426458363 0.000554997285287474 0.0006507513055300958
 0 0.000400988522310241 0.0001058469198281514 0.0003930820135399061 0.0003782049861076558 0.0003597822586206638 0.000391218865563353
 0 0.0004618963028142134 0.0001320628405795344 0.0004472850949003586 0.0005932173635693148 0.0005712301716535859 0.0006159958227061792
 0 0.0003750542858181834 0.0001063178763844959 0.0004098681852298481 0.0004856579345098898 0.0004768953033783447 0.000521547806886655
 0 0.000482584058557617 0.0001117854373841775 0.0004708437160490188 0.0002196747294854616 0.0002132748486626864 0.0002304678540332382
 1 0.0102113357590386 0.000113546049714596 0.01054809218186305 0.001440969395098023 0.0007240301105931784 0.001452085038797816
