# Created by Octave 4.0.0, Mon Apr 11 18:18:30 2016 BRT <uluyac@uluyac-note-ubuntu>
# name: Dados_teste
# type: matrix
# rows: 74
# columns: 7
 1 0.0005124722749688536 0.0001384444441252606 0.0004558575425004022 0.0180335279478136 0.01708670984150281 0.02015400329640521
 0 0.0009038227325649095 0.0005902315746435227 0.0009249998698112946 0.0007586116803563053 0.0006989744679841138 0.0007559865660356365
 0 0.0004479308489906887 0.0001635399716546831 0.0003802709183873278 0.0006145183529776057 0.0006140720480524432 0.0006792922595085799
 0 0.0005025879080960245 0.0002450134373106563 0.0005313183095073613 0.0008703870852916805 0.0008309592129572054 0.0008781152355621137
 0 0.0003752793602221078 0.0001033476059009562 0.0004318531058331555 0.0001761417916020964 0.0001720790493571666 0.0001915788891361391
 1 0.000593129675174424 0.0001605452785233032 0.0004903219914264497 0.01584595709307429 0.01617121367833729 0.01872338543738261
 0 0.0004830417725307392 0.0001853873255954627 0.0005205732244762073 0.000627377944086076 0.0006176755195896287 0.0006533556074630465
 1 0.0003036289962643201 8.7229290309725e-05 0.0002748143211619088 0.01383256336407124 0.01435876714673716 0.01410476990584302
 0 0.0006117866573029546 0.0003061962420138989 0.0006022743251278018 0.0006311885161568458 0.0006054841586363123 0.0006759828528049943
 1 0.007393312174426528 0.0001370619964242004 0.004917430749648185 0.0007246004214865004 0.0007266347933585938 0.0007227516928992934
 1 0.01156369325292777 6.151959283939732e-05 0.01224770139371972 0.001439719986395061 0.001446535128475632 0.001451349998431079
 0 0.0006403238952937452 0.00035639435311633 0.0007437005170981932 0.0006112008725711879 0.0005648848445330435 0.0006317564311834649
 0 0.0004359848160777912 0.0001305086663032044 0.0004204985445116338 0.0006233812903642946 0.0005791179923444094 0.0006465666239275138
 0 0.0006299063105021862 0.0002914777318549495 0.0006231974909765174 0.0004934558292075918 0.0004706645002051741 0.0005044943660075499
 0 0.0006332262498572079 0.0002903449316849297 0.0005965488198487807 0.0005709316493155781 0.0005448062707096526 0.0005505328571132387
 0 0.0004615689873158189 0.0001003838064729638 0.0004277710832237643 0.0001790803428216127 0.0001733574554288475 0.0001888354127250514
 1 0.0004166099952156567 9.415444982170965e-05 0.0003674362729660996 0.01907528742092113 0.01810552161843429 0.02024222323637294
 1 0.01063628057013733 9.334677483345027e-05 0.00560476991485806 0.001447687965857338 0.001450326599559616 0.0007310453431691974
 1 0.0003913177283889179 0.0001624145506686613 0.0004359083805353985 0.01742268814780955 0.01678517119590087 0.0199420825342292
 0 0.0005306728119847789 0.0001423553813421321 0.0004728894162921319 0.0006540566775513837 0.0006133912985257349 0.0006794717740990842
 1 0.0003672424032174253 0.0001053297723553525 0.0004662996229096024 0.01915025249394091 0.01695108527308924 0.01756122504257305
 0 0.0005450593413615569 0.0001259731217689675 0.0005482898086523954 0.0001365813267681348 0.0001292260675358367 0.0001434011389800843
 0 0.0004919015634164111 0.000127854224924892 0.0004981391690074635 0.0001603237367290275 0.0001583678125348293 0.0001686656869301764
 1 0.002042018688082838 0.0001361618361771486 0.00170391838624122 0.0007679411885669742 0.0008044931327783431 0.0008243151952619281
 1 0.000393709350879495 0.00013763158573846 0.0005068097893990648 0.01503617209347074 0.01933439223594949 0.01580974065008968
 1 0.007327777022088111 9.638723878936446e-05 0.0005321167659543623 0.0007276058850652585 0.000725556308555204 0.00942340952086961
 1 0.0005704677283123895 0.0001193912845043051 0.0003794788112802108 0.01625330318992452 0.01596114206906073 0.01442874693239693
 1 0.0003887519883021468 0.0001564142223026876 0.0004404239587982751 0.01757994827147856 0.01884085169017214 0.01770825564053879
 1 0.005577261263148508 0.0001243913467062099 0.006220154289675761 0.0007251704479828356 0.0007200384767830032 0.0007254928392420295
 1 0.0003103236546724347 0.0001159726811487176 0.000292283959347838 0.01825959710964651 0.01484769401248954 0.006107585573766507
 0 0.0005574293524003309 0.0002371664761673259 0.0005113498409752206 0.000558945925620209 0.0005335079855634914 0.0006017998225447776
 0 0.0005321608289283245 0.0001844785260559208 0.0005830533929850654 0.0006360486195224013 0.00058289029281368 0.0005937152350610537
 0 0.0004953779464153808 0.0001136305557182814 0.0004613767182111985 0.0001737341401325211 0.0001720081862817963 0.0001859637757130647
 1 0.01159388317696899 8.910850236660733e-05 0.007577901339142196 0.0007329565936286827 0.0007354171670903264 0.0007291660908967394
 0 0.0005085998636397192 0.0002430317415443262 0.0005217426074846045 0.0005840948756289521 0.0005979587538073968 0.0006608498381375605
 0 0.0005027016003384271 0.0002320140056624399 0.0005096108721857699 0.0005297784428762397 0.0005344910543957121 0.0005913457411656608
 0 0.0003750542858181834 0.0001063178763844959 0.0004098681852298481 0.0004856579345098898 0.0004768953033783447 0.000521547806886655
 1 0.0004365094426009637 0.0002085184974806606 0.0004187272218935034 0.01818835444380712 0.01873855080757682 0.01232034749617438
 1 0.0003280551357038019 0.0001087292505756316 0.0004403242370317462 0.01404200203095394 0.01606414532444584 0.01588031140316535
 1 0.01452261139111462 4.063592373690764e-05 0.01028424638641809 0.0007307543897510785 0.0007311487703099117 0.000730136797090088
 1 0.0004864005029373929 0.0002322166074314135 0.0004722684456430901 0.01462261452314251 0.01725770918338718 0.01899874243546268
 0 0.0006247018647990198 0.0003192822140826757 0.0005906339568701223 0.0005737617245077945 0.0005442354449267445 0.000580814048179643
 1 0.0004275955714857941 0.0001177142503224298 0.0004159074313303075 0.01891251025786611 0.01695769292869115 0.01785489391972334
 1 0.008563628853185888 0.0001076115955068803 0.004668497599745078 0.001439170794631774 0.001435468205901612 0.000718050566387066
 1 0.006996502316473602 0.0001174670316648064 0.007162977890525096 0.0007268780953655148 0.01701580130981679 0.0007249958578946234
 1 0.00734827109281775 0.0001074552950276088 0.000537272242781925 0.0007255363964576333 0.0007294618745930211 0.004153932595519469
 0 0.0004495259900570066 0.000155126068326597 0.0004503602120214721 0.000553928960163916 0.0005269575461050287 0.0005923737766013095
 0 0.0004299495431396958 0.0001733251636733692 0.0004633912244833202 0.002308360167802224 0.001473548132523625 0.001712575869042379
 0 0.0007348000509331163 0.0004238403942349914 0.0007075024704755008 0.0006833023970074951 0.0006469482541085551 0.0007098329877788244
 0 0.0008457819424245455 0.0004671036484658819 0.000798951196845477 0.0005659964926160904 0.000528337451885641 0.00057528548245676
 1 0.0004078356603915419 0.0001402445728245061 0.0004985588346634822 0.0191092935393091 0.01595908885576232 0.0188391420998432
 0 0.0004244812019731059 9.304797061595732e-05 0.0004310818918953228 0.0005702873573016964 0.0005480744019823364 0.0005857713452277225
 1 0.0004123622804203286 0.0001399916459242821 0.0004025005904541319 0.01967126910311014 0.01619652611208367 0.01613216630299972
 1 0.0002417966529929793 7.473816891100442e-05 0.0002895541974061406 0.01084842052831458 0.01188646115016121 0.01644157812531101
 1 0.003437641250480651 0.0001160951743474428 0.002904855402980465 0.0007274360713014312 0.0007208507828462799 0.0007462752985600198
 1 0.0004071209792221813 0.0001102831625963277 0.0005269312751194987 0.01726815044944983 0.01447341593997154 0.01910112350405348
 0 0.0004616153191483628 0.000123475977723156 0.0004680208903027941 0.000146728304365052 0.0001374414387737622 0.0001546047781412943
 0 0.0004788836384874848 0.0001988190858792287 0.0004126028965111179 0.0007082782620843183 0.0006610638798031615 0.0007552869955767987
 0 0.0005660856624732812 0.0002155322083812618 0.0005453472233533897 0.0007805030005403017 0.0007467251594043818 0.0009071690065347459
