# Created by Octave 4.0.0, Thu Apr 14 16:33:46 2016 BRT <uluyac@uluyac-note-ubuntu>
# name: m_a_teste
# type: matrix
# rows: 1
# columns: 2
 0.9972972972972972 0.9986486486486486


