# Created by Octave 4.0.0, Thu Apr 14 16:33:46 2016 BRT <uluyac@uluyac-note-ubuntu>
# name: m_a_treinamento
# type: matrix
# rows: 1
# columns: 2
 0.9971283783783782 0.9978040540540538


