# Created by Octave 4.0.1, Wed Apr 20 07:02:04 2016 BRT <uluyac@uluyac-desktop-ubuntu>
# name: m_a_treinamento
# type: matrix
# rows: 1
# columns: 2
 0.9969387755102044 0.9971088435374152


