# Created by Octave 4.0.1, Wed Apr 20 02:13:18 2016 BRT <uluyac@uluyac-desktop-ubuntu>
# name: feito
# type: scalar
1


