# Created by Octave 3.8.2, Mon Feb 09 13:28:28 2015 BRT <uluyac@uluyac-linux-note>
# name: feito
# type: scalar
1


