# Created by Octave 4.0.0, Mon Apr 11 18:18:30 2016 BRT <uluyac@uluyac-note-ubuntu>
# name: NumberofInputNeurons
# type: scalar
6


# name: NumberofOutputNeurons
# type: scalar
2


# name: InputWeight
# type: matrix
# rows: 3
# columns: 6
 0.9781243343778385 0.7294569695865532 0.989067995962372 -0.4143492880772953 -0.6176781710772211 0.7078522288084341
 -0.3602749696188373 0.5140249854120715 -0.1601013060246995 0.04400798794593475 0.03297957898403236 0.175523421337703
 -0.2007352258564709 0.02530240309993803 -0.5695582694075975 -0.1496293772437732 0.1139291401499347 -0.07344223827794172


# name: BiasofHiddenNeurons
# type: matrix
# rows: 3
# columns: 1
 0.4704705534387314
 0.1531815772189878
 0.7527829632021144


# name: OutputWeight
# type: matrix
# rows: 3
# columns: 2
 -377.8639564372496 377.8639564372496
 -1489.97153235887 1489.97153235887
 1523.197729986618 -1523.197729986618


# name: ActivationFunction
# type: string
# elements: 1
# length: 3
sig


# name: label
# type: matrix
# rows: 1
# columns: 2
 0 1


