# Created by Octave 4.0.0, Sat Feb 27 15:17:49 2016 BRT <uluyac@uluyac-desktop-ubuntu>
# name: NumberofInputNeurons
# type: scalar
6


# name: NumberofOutputNeurons
# type: scalar
2


# name: InputWeight
# type: matrix
# rows: 100
# columns: 6
 0.1860067355528559 0.1151585742797052 0.8460239957830931 -0.7362473286490178 -0.9525299715254522 -0.1545619252010498
 -0.1902554829802018 0.5286792287628952 -0.6171617157815418 -0.1602846098729142 -0.5992298952758502 0.1972271920409268
 -0.5251321443817168 0.2848762835917444 0.4591354893745174 -0.4094042281231339 -0.8941806869277761 -0.9676916575607747
 -0.9841461019092542 0.2490665077213203 0.06628252843350713 0.7174984177824926 0.5376593291823091 0.4906209957100165
 0.2241285714723009 0.6084826723249348 -0.6758214119024345 -0.1361023580594455 0.9568579987569334 -0.2383888914284283
 0.7921586059118693 -0.2878483773830686 -0.3287866989772904 0.6689664786215235 -0.1203163769209857 -0.5323519951314782
 -0.318824231274739 -0.4088310765116948 0.03327159926501455 -0.1691371850426601 0.8305645035478435 0.8056121439158619
 -0.196760806430785 0.007838924537125092 -0.4352074182620763 0.6102981865619903 -0.5402331741034755 0.8067716770321005
 -0.8970432576308113 0.7565888173699775 -0.6031614043882826 -0.7928033147781411 0.4645915999732024 -0.6327036282471156
 -0.6480994177925511 0.7400645660927823 0.6262257395531527 0.9418940642003475 -0.704729797296444 -0.6166534184007254
 0.9487258048710656 -0.2790936518572619 0.6638420682935791 0.3991833086802168 -0.4208674894006869 -0.2357849405141129
 -0.1281200277161586 -0.322447701695583 -0.3756449298119181 0.9011238464193922 -0.3480998259386695 -0.8242746994823941
 -0.369164127823698 0.6564501515608174 -0.6390094300659069 -0.6469427691000053 -0.4353253285930044 0.8904315675234336
 0.7331196251569299 0.3604897288772879 -0.6168284954611484 0.7234169828519053 0.1905066042384174 -0.2799110228635585
 0.9222353534993635 -0.3295252802760845 -0.5684748938560417 0.03339737127093678 0.4516776084195637 0.3755674506459403
 0.7396433471086303 0.6260472295949104 0.8364848129563558 0.5237025949412077 0.8062734174701982 -0.5086070125225114
 0.3999788970052003 -0.3630166603883062 -0.602176543588521 -0.2035618672045526 0.4985719715864791 -0.3304523392209829
 0.3706623837756766 -0.4719332641925259 0.6022896892987106 -0.1827256713258186 0.8099214995689956 -0.8298633622837738
 -0.8891133468539626 0.4760184016076587 -0.2675414269131678 0.03017469729473254 -0.5787845695957826 0.2642702563952195
 -0.7300817865830106 -0.5629419084157233 0.9840418189914926 -0.4071920118710272 -0.1113531738662442 -0.9851071894519637
 0.620140192366686 0.7615550957299062 0.5152053712629279 -0.9758283727967604 0.2699145272669214 -0.9970444727472242
 -0.930533349642794 -0.8305179747602579 0.1199191734099965 -0.9835579344661828 0.5642082307537184 -0.151509041170245
 -0.9553010604884095 -0.8012730691093389 -0.02128405338797579 -0.5048930068657921 0.9854176299007844 0.869511220563252
 -0.2400620816867923 -0.7316279076362359 0.875271578948049 0.5139281774809945 0.3685232782888022 0.1536014338174128
 -0.1640608121572255 -0.3563492865629262 -0.7263136450301827 0.9053681772628748 0.09817443052147889 0.1118292309392577
 0.7886810840867844 -0.213355141128467 -0.7859728738961952 -0.5553506411343526 0.579097849227731 -0.1269571484583359
 0.6238439441104553 0.3820435886121381 -0.8027897932148539 -0.4682005443839506 0.4119156644433368 -0.3059830520394656
 -0.3637953435180205 0.226176883193165 -0.6485208349996902 0.9164069442466416 -0.3941278033386409 -0.2025915697475306
 0.5192298000920408 -0.9177500909620969 -0.4706473741396048 0.5853233769251454 0.6719444106958488 0.1697163065861669
 -0.8232891022507333 0.07683801063915374 -0.4727218739997489 0.3454682925975254 -0.2381280034609289 0.2320837103478302
 -0.2863349104544967 0.8063754942199208 -0.1211467169382666 0.9893140348905796 0.7966681864014702 -0.7085070194400424
 -0.8523318393419969 0.4912433538016878 0.9829629334006056 0.3855877246730401 0.9388751766416175 0.5237411604757209
 -0.1888593713423244 0.7170462154514625 -0.7540908975313939 -0.3589372666829459 -0.08841200006571126 -0.481502122295827
 -0.2277987328036547 0.6396723478223241 0.8531357055260282 0.06127512253678824 0.02579876821342797 -0.8755153482771972
 -0.2664625797116343 -0.2555560091797776 0.6483644018671673 0.1336775016291458 0.3180197420792754 0.9484530373642204
 -0.5752603608484256 -0.1608779273402633 -0.2387831982585019 0.07708687841015438 0.317479671240257 0.5303014894571596
 0.8084586996348513 -0.1446133330981284 0.2800376498023154 0.1939094842280964 -0.9122179884905205 -0.1248421567086223
 0.4149827411420679 0.4068971081768464 -0.06150974766252115 -0.9258509527715967 -0.3697038352772727 -0.6531923881078686
 -0.5168891540517041 -0.6458479339650863 -0.7089718441274336 -0.2283219776288322 -0.8167739023478843 0.2213955169631951
 -0.5711429548827408 0.2147033242944631 0.3499884499942689 0.4974266384610271 0.1203954800385922 0.06092995806556689
 -0.6218820363838699 -0.5134834218325116 -0.01286389590052506 0.550408966840908 -0.9264036596472868 0.05947428532983179
 -0.4757824322345799 0.730946583380627 0.5444792383197783 -0.1952821972139237 0.6817596615102244 -0.5249787882180837
 -0.6475246723589873 0.3637754276472076 -0.7490469043602958 -0.8000485424938034 0.3278810737139943 -0.8775612907226041
 0.9452227065570522 -0.3907724495746677 -0.5652937171800497 -0.002226193769829687 -0.0403705548943617 -0.1916220526732347
 0.3344443103122292 0.5112965637158553 -0.2654986133474934 0.4567133133231198 0.4195789737260971 0.1900657891881139
 -0.8146393200844134 0.9373016656629547 0.3868889181867134 0.1277791267528479 -0.422289376553394 0.1587872549421676
 0.1830405632296683 -0.03220807601612885 0.4788846534645956 -0.06598252483878431 -0.8770214193773133 -0.364614140489456
 0.5727217376681415 0.0432651152332828 0.199435000260862 -0.8897107970384205 0.6649994197153259 -0.9222621221890773
 -0.5025986249645712 0.9875620296570151 0.7114404630814868 -0.618137506749085 -0.9303373280554578 -0.9717403752399419
 -0.4323556186130747 0.870194010205998 0.7627690787806738 -0.3824392901330881 0.3467363005750372 0.9206853379361157
 -0.4861859461649204 -0.2621666775203378 -0.3895685484158707 -0.5150889477822805 0.1135658677158506 -0.4766225834658316
 0.1447588042345844 0.500942443509981 -0.8495731999132449 -0.416071749648352 0.5529453857886863 0.2581584243498867
 -0.7128507499132205 -0.6965420076906578 0.7362104801849043 -0.3073229655722559 0.7253831319153727 0.6941426759770113
 -0.5980733828103783 -0.4794776718601771 0.5270800120060783 0.6946419671390776 0.3891620330109726 -0.4267014591954327
 -0.1760183162241874 -0.4327238315891787 0.4921559951111463 -0.5372302273345287 0.5682890500900792 0.2051883413122442
 -0.1095603381985112 0.6921145050994837 -0.8038798703517606 0.9762882549465532 0.7367716555695021 -0.8535050598819584
 0.942351663902822 0.9150882520463175 0.964847439568544 0.5993062240700311 -0.3990367154166511 0.5167462647736352
 -0.9193956119658447 0.688044803337736 -0.2137601951697895 0.3697139609871745 0.008287866736823357 0.1018205200957607
 -0.9415830787636484 0.6369733682312873 -0.5137606133374121 -0.2487162404574413 0.4790263809985109 0.9847203162330056
 -0.4589780332167216 -0.5281457912676889 -0.8098980248415512 0.9536542733695739 -0.6296509219706633 -0.4241113022954927
 -0.6650895349964859 -0.6006769553899197 0.946856782097518 0.9917498639959768 0.1814919272546598 -0.4555317109486049
 -0.9388067029789723 -0.7457294054864484 0.8500658910291274 -0.1924356819981209 0.3686573355146641 -0.9794678368683941
 -0.3211997361047109 -0.6882315641707365 -0.7375473905611053 0.2322286099917918 -0.8927750173708936 0.3602188682951197
 -0.6126647988970301 -0.9262805141678966 0.4314150187267829 0.9588959991850379 -0.9743532093419173 -0.7357913844631322
 0.6160582107243393 0.2841058786374513 -0.6768494391429248 -0.5262248284772914 0.6809915622078597 0.7509330098047839
