# Created by Octave 4.0.0, Sat Feb 27 16:14:30 2016 BRT <uluyac@uluyac-desktop-ubuntu>
# name: output
# type: matrix
# rows: 1
# columns: 192
 1 1 1 1 1 0 1 0 0 0 1 0 1 1 1 0 0 1 0 1 0 0 1 0 1 1 1 1 1 1 1 0 0 0 0 0 0 0 0 0 1 0 0 0 0 1 0 0 1 1 0 1 1 1 0 1 0 0 0 1 1 1 1 1 0 0 0 1 1 1 1 0 0 0 1 1 1 0 0 0 1 0 0 1 1 0 0 1 0 0 1 0 0 0 0 1 0 1 1 0 1 1 0 1 1 0 1 1 1 0 1 1 1 1 0 0 1 1 0 0 0 0 0 1 0 0 1 0 0 0 1 1 0 0 1 1 1 0 1 0 0 1 1 1 1 1 1 0 0 1 0 1 1 0 1 1 1 1 0 0 1 1 0 1 0 0 0 0 0 0 1 0 0 1 0 0 1 0 1 1 0 1 1 1 0 1 0 0 1 1 0 0


# name: targets
# type: matrix
# rows: 1
# columns: 192
 1 1 1 1 1 0 1 0 0 0 1 0 1 1 1 0 0 1 0 1 0 0 1 0 1 1 1 1 1 1 1 0 0 0 0 0 1 0 0 0 1 0 0 0 0 1 0 0 1 1 0 1 1 1 1 1 1 0 0 1 1 1 0 1 0 0 0 1 1 1 1 0 0 0 1 1 1 1 0 0 1 0 0 1 1 0 0 1 0 0 1 0 0 0 0 1 0 1 1 0 1 1 0 1 1 0 1 1 1 0 1 1 1 1 0 0 1 1 0 0 0 0 0 1 0 0 1 0 0 0 1 1 0 0 1 1 1 0 1 0 0 1 1 1 1 1 1 1 0 1 0 1 1 0 0 0 1 1 0 0 1 1 0 1 0 0 0 0 0 0 1 0 0 1 0 0 0 0 1 1 0 1 1 0 0 1 0 0 1 1 0 0


