# Created by Octave 4.0.0, Thu Apr 14 16:33:46 2016 BRT <uluyac@uluyac-note-ubuntu>
# name: NumberofInputNeurons
# type: scalar
6


# name: NumberofOutputNeurons
# type: scalar
2


# name: InputWeight
# type: matrix
# rows: 60
# columns: 6
 0.9780951600195413 -0.5468854891065172 0.9347971138142259 -0.6849582400982516 0.1357933748017044 -0.6066201384868778
 -0.9052773576455614 -0.8989302527232667 -0.2562484232204888 -0.9189318667642855 -0.3889728044550224 -0.7879247944170124
 -0.2727178386701788 -0.4322321752510593 -0.7661587477480042 -0.3816165168094138 0.1461190305055384 0.8440154981117842
 -0.1814985567518236 0.9169403863700529 0.2644456775102941 -0.2922768496444247 -0.693547173516989 0.1553548653992118
 -0.7228334709570124 0.5065134304979007 -0.5012352528917553 0.7715751947495268 -0.6242656154187279 0.5137285810601988
 -0.6928015266745627 0.4687721864137904 0.7094647494998763 -0.8283185508542167 0.4870649708546115 -0.7478062386685457
 0.3815095429772892 0.6966073561621271 -0.3625263606406025 -0.9829793912920443 0.6097385131958404 -0.7681481031580589
 0.9283484987430635 0.5263295411837068 0.4340386776543141 -0.08111720399523181 0.155431801749597 -0.0448621591293269
 -0.3895552863762676 0.1913618030358579 0.4096030665241344 0.4612149904992315 0.8803310015669072 0.2355039777328158
 0.8316617800586912 -0.1033921555243299 -0.7745350131708529 -0.11438684224633 0.1347647481967247 -0.007226265290667722
 -0.6982018724727662 -0.7150645119596014 0.4871817727890846 -0.1324026491652489 0.1975834023329486 0.3139096911683166
 0.509793807944442 -0.7895579386315147 0.5493172039092191 0.5693704533701305 -0.787635040042958 -0.261834876973447
 0.2737626985825063 -0.534423606000262 -0.2282755873746122 0.1576527645391148 0.8138908093500863 -0.1934285033936055
 0.7830780866931459 -0.4741422778552601 -0.9922962870144493 -0.2451681495376906 -0.9934619188103267 -0.320609217131088
 0.6445172249199218 -0.6745674008209749 -0.8057591066186375 0.8032900688929054 0.7740279211897545 0.4862532800533867
 -0.9963816132093343 -0.9646254188465405 -0.3461940353499674 0.4557629772027763 0.3513399525052172 0.4530670014976801
 0.04441265205542821 0.2728580372737763 -0.157563621118285 -0.8933943814318922 -0.4165691885064878 0.2681109016285401
 0.4382843788297697 0.4003066161086442 0.3381522579316782 -0.7481310140290057 -0.4196897146469148 -0.6668439074720468
 0.401156957506817 -0.6224367018424452 -0.8349957038719701 0.8530921963644711 -0.450459900121713 0.8565696608114792
 0.7844470095763767 0.4033074889691448 -0.3945340524925319 -0.8918051562283983 -0.355837789377169 0.2593824286505415
 -0.4978414239723715 0.7847349060720961 0.1572590390796158 -0.5505524608138067 -0.08693328963838798 -0.6500193170389664
 0.863112609530061 -0.4283045474842558 0.5765202146523589 -0.8420312659850621 0.2884637864962014 0.2941547500137536
 -0.9853616679827174 0.6738037123943539 0.01302524442069641 -0.6228224063715105 0.7839336158735788 0.3519329436149818
 -0.4429004396972843 0.720366342701666 -0.9034689258010634 0.6480513613410694 -0.8546858073080829 -0.2836648876247468
 -0.5973136693542004 0.2341616481639015 -0.7857549441474939 -0.6085145256015353 -0.6115461938910957 -0.2630326018213535
 0.3491348064781428 -0.5526690642353475 -0.3286170560804399 -0.9510033467810123 0.3666078261115076 0.8122915879801713
 -0.3290955090075022 0.06551411679205699 -0.7600743907584421 -0.3086359458475368 -0.9071907822636865 -0.2092170595798623
 0.3199585753474303 0.6611312234517936 -0.4422280127047092 -0.04918116631560976 -0.5370364020344959 -0.8370860755531874
 -0.3108398231538075 -0.3719641672803068 0.939215936370501 -0.6551083624883255 -0.3011142877681868 -0.6206762161381071
 -0.1991888144601822 0.5104869664907981 -0.1007816685787944 -0.169461702985788 -0.3349358457593573 0.6414222891973649
 -0.9732486327980533 -0.09739629556505391 -0.2806539137396086 -0.144693527252573 -0.7133549713607511 -0.5812801382331932
 -0.3675709067202889 -0.0693794711275878 -0.9047929179897415 -0.9755236008979956 0.4836483237999314 0.527656899074499
 -0.551439977617653 -0.4933115309518233 0.8888349845856498 -0.2444962819952753 -0.3630855467692581 0.3109639039227716
 -0.6196008406259924 -0.1888890156411239 0.7698011161602325 -0.9662251689552545 0.3110672477013161 0.03003869301379081
 -0.879382886306915 -0.9180925685062439 -0.582039217602723 -0.7793737467998051 0.7715747087027702 -0.2601979599729468
 0.4196771757937854 -0.03254497427022096 -0.9232726219952841 -0.2933593468540453 -0.6204443576814344 -0.7553364915980333
 0.08361222230244603 0.4746799349633279 -0.2685448969703049 -0.9745018534439654 0.1535912402344282 -0.3908647449690149
 -0.9807572785789397 -0.6744234605880536 -0.1080587290607432 -0.1704807485140886 -0.2722843178720274 0.3725474130847164
 0.8200515011310772 -0.2335434387682603 0.3912554265401671 -0.5361183135505657 -0.8841821028524094 0.6369693931966469
 -0.6072116222698832 0.2620527202021192 0.5346116190688828 0.4883720291559703 -0.772325625989836 0.2513532034941472
 -0.7062090833342182 -0.4908844578416792 0.9222773111167637 0.7824689120553259 -0.182103789389875 0.364329378788208
 0.2735943765053506 0.3960611208087264 -0.6308428771174562 -0.9173264840479475 0.663568868598809 -0.8325372995766668
 0.5492771368986893 0.8751070220487491 -0.6873285158884531 -0.3203265254299988 -0.2443121543863503 0.2075468159115896
 -0.06344644265752308 -0.2921943415052127 -0.7256058647631333 -0.009266220672522363 -0.4748943870166339 0.02209843586020965
 0.2938497054490841 0.9214599922519 0.9022182528791045 0.362531768687433 0.6421076433568487 0.8462637673784463
 -0.1800763749246433 -0.5671805094852892 0.480131562650822 -0.373232305830116 -0.2251450710889261 0.6070981262248012
 0.1642108981209942 0.1258634652685657 0.1264619263045337 0.8155194486548776 0.08633740628475683 0.509274098752768
 0.4873357882613369 -0.3791001899727829 0.4197564962094715 -0.4578732620141829 0.7919951275861621 -0.06621754106198796
 -0.2194572305350028 -0.5884752329340456 0.1599124872541562 0.4178598608335489 -0.05295724241560962 0.461854761877909
 -0.5659300184151429 0.3253637757520551 0.01468422207272324 0.8721803195112201 0.4997341863639901 -0.6557796822967056
 0.2111781677945075 -0.9231444066251356 0.4375593853307347 0.5664113731555949 -0.5753301591706076 0.3119631814015409
 0.6946980242681657 -0.0951337366150381 -0.6110630962728779 -0.4818336414600698 -0.4219069435051902 -0.4414773343438002
 0.1845161813233787 -0.9928666516460575 -0.3055460737297609 -0.3703309250009635 0.4621491932256907 0.8008090197401345
 0.6395361126226804 -0.5752373688822466 -0.7532312826749853 -0.9241293094857793 -0.09173468207316071 0.3017095400828695
 -0.1966527792666851 0.241226983934264 0.2665077367989899 0.5098133126399018 -0.1300804879444494 -0.9897576410650811
 -0.1982557079842587 -0.7607725522812309 -0.2592401116696906 -0.1401953734034239 -0.8266159254780127 0.8371607953826172
 0.627353396934285 0.2119616732359504 0.5714551092359315 -0.7358288835029007 0.464211077247056 0.5734380720070911
 -0.6883026078899711 0.8013042906113084 0.06928304333057489 -0.05761533327378443 -0.516794861570779 0.8013719479095052
 -0.6860836532712656 0.3216160237182666 0.4966372775082541 0.2014509916500897 0.07120720851797868 0.1638264344594589
 -0.01869249531037809 0.5579369765243567 0.2061672944035797 -0.3451355441969365 -0.7363496389471907 -0.4322036960870165


