# Created by Octave 4.0.0, Mon Apr 11 18:18:30 2016 BRT <uluyac@uluyac-note-ubuntu>
# name: output
# type: matrix
# rows: 1
# columns: 74
 1 0 0 0 0 1 0 1 0 1 1 0 0 0 0 0 1 1 1 0 1 0 0 0 1 1 1 1 1 0 0 0 0 1 0 0 0 1 1 1 1 0 1 1 0 0 0 0 0 0 1 0 1 1 0 1 0 0 0 1 1 1 0 1 1 0 0 1 0 0 0 1 0 0


# name: targets
# type: matrix
# rows: 1
# columns: 74
 1 0 0 0 0 1 0 1 0 1 1 0 0 0 0 0 1 1 1 0 1 0 0 1 1 1 1 1 1 1 0 0 0 1 0 0 0 1 1 1 1 0 1 1 1 1 0 0 0 0 1 0 1 1 1 1 0 0 0 1 1 1 0 1 1 0 0 1 0 0 0 1 0 0


