# Created by Octave 4.0.0, Wed Feb 24 15:43:43 2016 BRT <uluyac@uluyac-note-ubuntu>
# name: output
# type: matrix
# rows: 1
# columns: 74
 1 0 1 0 0 1 0 1 1 1 1 0 1 0 0 1 0 0 1 1 0 1 0 1 1 0 0 1 1 1 0 1 1 0 0 1 0 1 0 0 1 0 1 0 1 0 1 0 1 1 0 1 1 0 0 0 0 0 1 1 1 1 0 1 0 0 0 0 1 1 1 1 0 0


# name: targets
# type: matrix
# rows: 1
# columns: 74
 1 0 1 0 0 1 0 1 1 1 1 0 1 0 0 1 0 0 1 1 0 1 0 1 1 0 0 1 1 1 0 1 1 0 0 1 0 1 0 0 1 0 0 0 1 0 1 0 1 1 0 1 1 0 0 0 0 0 1 1 1 1 0 1 0 0 0 0 1 1 1 1 0 0


