# Created by Octave 4.0.1, Wed Apr 20 07:02:04 2016 BRT <uluyac@uluyac-desktop-ubuntu>
# name: NumberofInputNeurons
# type: scalar
6


# name: NumberofOutputNeurons
# type: scalar
2


# name: InputWeight
# type: matrix
# rows: 60
# columns: 6
 -0.8461559276810734 -0.6399006236015908 -0.1855251472301259 -0.4189256146729953 -0.4461944941522055 0.0845186656182233
 0.5565132444827794 -0.8334895736048026 0.9815374906983552 -0.2598629982778001 -0.2074341426144916 0.8211840886911856
 0.43895175020944 -0.3022691643750394 -0.1719831730778786 -0.3869556315278836 -0.05200171784481167 -0.7044269949372087
 0.2812224627228843 0.184935335896304 -0.6221005500964453 -0.8106224836236705 0.563619550166395 0.8622240486275832
 -0.02983386381690589 -0.532736124601677 0.6583323151741556 -0.7324150534224007 -0.7717217573126099 -0.2539544470416167
 -0.4685617835480961 0.8906034908258957 -0.778339815733648 -0.1796436434504344 -0.4496697406789895 -0.8447008786895344
 0.8423393408338695 -0.8198462915327153 -0.7208330265298325 -0.5500098314778471 -0.4411789210895766 0.5956491365323975
 0.9470171991822511 -0.758653951502131 -0.583579102412188 -0.2699976908711258 0.1764224336198565 -0.868211212473723
 0.3852210978932362 0.9337596539175053 0.4680101605297964 0.01908216454302902 0.1002655793164065 -0.6004289257527261
 -0.678253196116681 -0.03113850630356041 0.8762343439596483 0.3614645648909067 -0.2060809226951036 0.8872669767328556
 -0.3708206923939651 -0.9455243769249152 0.445597503594926 -0.3106260842879643 -0.8920103937418998 0.4962252756160106
 -0.865674997805311 0.9800724395856197 0.920024519354196 -0.9727949091832159 -0.8804833874081109 -0.8465929053469591
 0.4492358601746829 0.9703325505643896 0.4529200476951982 -0.02870658837036644 0.1426085835639115 0.2930298115992371
 0.8117704740958531 -0.6926197960956634 0.4174605883105647 -0.8754218181618577 -0.1524725529475256 -0.2712072715040094
 0.1354211336684408 0.7585034204557035 -0.01483859652423225 -0.4446333846092382 0.2615596568288976 -0.3728400713790688
 -0.6866278561966247 0.3413270803441841 -0.1613121377174572 0.5587770914702983 0.6204561360269907 0.01038261130738261
 0.3373869207793094 -0.8581144936123403 -0.2373223351700581 0.8710851930908947 0.004098842596858665 0.4804744263763023
 0.1285699768453408 0.8905596905208624 -0.9118021062504756 0.05358617027228041 -0.01839726115578399 0.1751626063560641
 0.99178025055911 0.5735571657845915 -0.9393601893657818 -0.4352928317375239 0.7978413347786408 0.8189925832673763
 0.3746416113979634 -0.9758670005570066 -0.9948418338987702 -0.8238749020458586 0.5610502513359072 -0.6159417221797948
 0.341707398805579 -0.398051517089043 0.325560401192422 0.1185021202989125 -0.1868507910246718 -0.3462756449451995
 0.1270376060794876 0.9651204044476633 -0.3684180210938744 -0.6552590584638155 0.9364044917520662 0.3118574299387293
 -0.377862189571735 0.01840494380059043 0.7235649171519833 0.6258322178953988 -0.2237083317303713 -0.8459650627465788
 0.4150258570517988 -0.8864686607624767 0.8899200569627372 0.5572634900652433 -0.3395124170926521 -0.9768803528647644
 0.2681564021515852 0.281002996497792 -0.9901891523076182 0.4196402943510491 0.4427621983925842 -0.7074059116359867
 0.7537190823359772 -0.7910997500371223 0.4712671242504525 -0.4036582224947721 -0.2496793968405376 -0.6046046513557387
 -0.8187851960924143 -0.3258338476022146 -0.3382384925642309 -0.1104524780852901 0.2414981533825957 0.1575191632567512
 0.6982694682747264 -0.8225275349779843 0.382361279547528 0.6792507524366664 -0.9502856142540358 -0.2166599311156648
 -0.7927191183412027 0.1634699584945749 0.5557310848881158 -0.06080006102946045 -0.1558350161313734 -0.1699023623909236
 -0.3268325447868147 -0.9263298086230528 -0.5193433648322902 -0.804686593999037 -0.1474215058426976 0.09983116116467827
 -0.2474569644593493 0.3789236182043152 -0.1344149083929346 0.3424119505160399 -0.8778817384943088 0.1858956076740328
 0.16789771906633 -0.60193613100145 -0.1110698042780988 0.9578392872034467 0.4118225030918683 0.07043180075545674
 0.4153055447575293 0.285031218907841 0.8364946672390696 -0.07460809964897497 -0.1396424534795385 -0.3361846541460588
 -0.9653174274140973 0.2096233069156284 0.05378614841258367 -0.0698579163014551 -0.2014981954412952 0.8896333337245688
 -0.1879288319566724 0.5528632547442154 -0.8756913558447684 0.8224862796045362 0.3542851622184338 -0.0926898487277229
 0.6649074317178267 0.2894141720133427 -0.4206322095706733 -0.3586600483347716 0.03232089545709704 -0.02938864143374109
 0.3871156063037295 -0.1669268422454177 -0.02108206085317421 -0.9836640665089625 -0.886531742667073 0.2217163702612093
 -0.7369520689704475 -0.8048607036065706 0.6069513274049725 0.2857248088412778 -0.6596475701146632 0.2106803927037368
 -0.4498425760358687 0.55003079552185 0.1167375574404264 -0.8771141899677369 -0.6659541718838705 0.4527007125329707
 -0.638340603615544 0.6764176407074269 -0.3841211549852689 0.347307142299295 0.2110837486899122 -0.2465949082602953
 -0.2079027437169939 0.5616607949994861 -0.1626650721062922 -0.4243295694353763 -0.2420195930463244 0.805898173093633
 0.1135223268275192 -0.8587413439377317 -0.01079878593283545 -0.8664388751064459 -0.819390018521078 -0.01935661517399756
 -0.7676004171622021 -0.7406424170584346 0.6110090303233953 0.5758555842763622 0.248466103092849 -0.421170113090234
 -0.3037006159017092 -0.2974189350390989 0.6606565469786609 -0.0431733134834863 -0.5359555141645572 -0.8196793602369897
 -0.5934624162635006 0.08907727401970078 0.4496503973574537 -0.7810162705367346 0.6658875547346741 -0.06449174714682282
 0.4166908892557897 0.3244016554977778 0.923765762235734 0.8859175991480812 0.1135222327361411 0.5167387977626525
 -0.8375690911215771 -0.660785628590126 -0.8680885755658813 -0.5227892287389403 -0.8933847141867163 0.1291812966009405
 0.6154528169822462 -0.1743976936602293 -0.03598746699657396 0.637134140629706 -0.1055438159874634 -0.8632369836176853
 0.1882441130460772 0.9761359939672709 -0.6463443545323876 0.1437501797035339 -0.1442926121012326 0.07553988972947856
 0.8830774306061253 0.4781246218464243 -0.9384609365121818 0.7810486861027253 0.6119897216624501 -0.9739659257574708
 0.6496075960566952 -0.6743385190731351 -0.3783598295657314 0.1620425684624693 -0.7087153265920539 -0.3817922356940889
 -0.2362940689301795 0.7983450151964189 0.1852741677605807 -0.2064349837984724 -0.4440064913818756 -0.1303047592638383
 0.9281791172518512 0.7844240395132673 -0.5439666516437852 -0.7745243403367593 0.07491598336202299 0.6509707419942721
 -0.3684153466874024 -0.5920522001298266 0.602689471876271 0.6487586469592861 -0.1966088674817518 0.6613298216841701
 -0.2661823263338227 -0.8319273424447365 0.4122402647769376 -0.682053716960405 -0.8918452075772466 -0.3393827933689549
 0.4865574244270456 -0.4067472848869153 0.7587949655351682 -0.8990363771928053 0.6991818183462504 -0.4826092432160206
 0.8639096627455554 -0.2513227205319589 0.2190786044680013 -0.4627586274188836 -0.2059545429691986 -0.2969787269316285
 -0.5877502151199269 0.4320220015594545 0.6417483770285743 0.9494056542275431 -0.04170180078781327 0.8565785700307738
 0.08071963941165894 -0.5983611623312434 -0.1328879106853654 -0.7508246517183123 -0.1552727225126834 -0.4078432353149392
 -0.1204279029948853 0.9694143640681387 -0.3971685656793346 -0.6383115780493852 -0.4925329126373402 0.4469121150674111


