# Created by Octave 4.0.0, Sat Feb 27 16:14:30 2016 BRT <uluyac@uluyac-desktop-ubuntu>
# name: NumberofInputNeurons
# type: scalar
6


# name: NumberofOutputNeurons
# type: scalar
2


# name: InputWeight
# type: matrix
# rows: 4
# columns: 6
 -0.0076152981467702 0.8245289163253275 0.7040381051734983 0.9442048849141347 0.4968414895883171 0.5658712767341392
 0.6152764461489244 0.8066498833108158 0.284153158530744 0.8290235538250734 0.2643640748339375 0.5643796939329744
 -0.6446082578763829 0.7316359551089977 -0.2857459957635523 0.8245696229098942 0.7386241622117382 -0.2714713561238468
 -0.8690439532221869 -0.9556855133904915 0.2184575341229682 0.2526354126521793 -0.5175327090137422 0.03691582869310683


# name: BiasofHiddenNeurons
# type: matrix
# rows: 4
# columns: 1
 0.2307181830065633
 0.5005365100097602
 0.3228050014253585
 0.1962714265818484


# name: OutputWeight
# type: matrix
# rows: 4
# columns: 2
 -628.4246874446933 628.4246874446933
 683.3568362145922 -683.3568362145922
 -45.09751370785633 45.09751370785633
 -89.60368698492749 89.60368698492749


# name: ActivationFunction
# type: string
# elements: 1
# length: 3
sig


# name: label
# type: matrix
# rows: 1
# columns: 2
 0 1


