# Created by Octave 4.0.0, Thu Apr 14 16:33:46 2016 BRT <uluyac@uluyac-note-ubuntu>
# name: output
# type: matrix
# rows: 1
# columns: 74
 0 0 0 1 0 1 0 1 0 1 0 1 1 0 0 1 1 1 1 0 0 1 0 0 0 1 1 1 1 0 1 0 0 0 1 1 1 0 0 1 0 1 1 1 0 1 1 0 0 0 0 0 1 0 0 1 0 1 1 0 1 1 1 1 0 0 1 0 0 0 1 1 1 0


# name: targets
# type: matrix
# rows: 1
# columns: 74
 0 0 0 1 0 1 0 1 0 1 0 1 1 0 0 1 1 1 1 0 0 1 0 0 0 1 1 1 1 0 1 0 0 0 1 1 1 0 0 1 0 1 1 1 0 1 1 0 0 0 0 0 1 0 0 1 0 1 1 0 1 1 1 1 0 0 1 0 0 0 1 1 1 0


