# Created by Octave 3.8.1, Sat Feb 07 20:37:53 2015 BRT <uluyac@uluyac-desktop-linux>
# name: Base_dados_em_interpolacao
# type: matrix
# rows: 185
# columns: 7
 1 0.01156369325292777 6.151959283939732e-05 0.01224770139371972 0.001439719986395061 0.001446535128475632 0.001451349998431079
 1 0.01041552340508956 9.027653769027258e-05 0.008519361234706275 0.0007298413917272259 0.0007324176761001316 0.0007305026900631289
 1 0.0101771560296427 9.248773951364047e-05 0.007885243236065759 0.0007291125088312057 0.0007279169315301204 0.0007262304061382449
 1 0.01159388317696899 8.910850236660733e-05 0.007577901339142196 0.0007329565936286827 0.0007354171670903264 0.0007291660908967394
 1 0.01452261139111462 4.063592373690764e-05 0.01028424638641809 0.0007307543897510785 0.0007311487703099117 0.000730136797090088
 1 0.002042018688082838 0.0001361618361771486 0.00170391838624122 0.0007679411885669742 0.0008044931327783431 0.0008243151952619281
 1 0.008365832270399349 8.688680901542501e-05 0.009966884311323554 0.0007288370442224273 0.0007275785326675364 0.0007278647121777111
 1 0.007897618904556097 8.924386051812151e-05 0.01571915849495353 0.0007320358589122258 0.0007274268345372267 0.0007311907952444673
 1 0.007393312174426528 0.0001370619964242004 0.004917430749648185 0.0007246004214865004 0.0007266347933585938 0.0007227516928992934
 1 0.003757066538990281 0.0001635756903628397 0.002171016721529651 0.001387500281045591 0.00144014838973362 0.001559357604990677
 1 0.002134144574083059 0.0001366611237695352 0.001958816020038907 0.0007550750030183369 0.0007474440901210683 0.0007925258321680911
 1 0.0004830299490114115 0.0001149009289208638 0.0004424065693989422 0.01666512505668095 0.01841173043632304 0.01438790974317014
 1 0.0004839214407395756 0.0002488298678184499 0.0004589232948604874 0.01984444874401692 0.01935119234601463 0.01997695328781371
 1 0.000626379765156973 0.0001438492421882455 0.0005108057340150872 0.0195041191271833 0.01930840069142824 0.01700325157416516
 1 0.0004275955714857941 0.0001177142503224298 0.0004159074313303075 0.01891251025786611 0.01695769292869115 0.01785489391972334
 1 0.0005066334245310255 0.0001789327444592667 0.0004853983786318829 0.01702426008803679 0.01060046112012383 0.01659023390441182
 1 0.0003618674674238096 0.0001368280138745065 0.0003447542487832755 0.01633794595424945 0.01659372323162514 0.01204521060167865
 1 0.0004151659430990318 0.0001169788106715848 0.0005707709303259918 0.01800874273394993 0.01747020578919536 0.01798437637332358
 1 0.0004313955284820548 0.0001991012024892887 0.0004323892652881434 0.01853983056540773 0.01804773252736473 0.01345918115237437
 1 0.001526189222099858 0.0001493044854085373 0.0009771413692656191 0.0008342498047555626 0.001043173158023889 0.001584427738257292
 1 0.00415193555020201 9.845203915624845e-05 0.003007054669483069 0.000724887851114753 0.0007243873999839498 0.0007363527351630245
 1 0.0004464794644516395 0.0001616132878065268 0.0003986848537021572 0.01595312830380923 0.008887916858010308 0.01370488629928419
 1 0.0005008522895169598 0.0001618469548474963 0.0005084435280048714 0.01798646691252334 0.01959401275300689 0.01923751693168677
 1 0.0006023741354698261 0.0001540478439076712 0.0005183152217889506 0.01807027514999811 0.0195776058694823 0.01798328109448968
 1 0.0004365094426009637 0.0002085184974806606 0.0004187272218935034 0.01818835444380712 0.01873855080757682 0.01232034749617438
 1 0.0004459326170346174 0.0001474795736673503 0.0004855323016272621 0.01661735643245905 0.01334367672320159 0.01899918738883231
 1 0.0004864005029373929 0.0002322166074314135 0.0004722684456430901 0.01462261452314251 0.01725770918338718 0.01899874243546268
 1 0.0005124722749688536 0.0001384444441252606 0.0004558575425004022 0.0180335279478136 0.01708670984150281 0.02015400329640521
 1 0.0004130892470452569 0.0001617120801207044 0.0004831925119285839 0.01750450767210954 0.01647868267376175 0.01763795618845385
 1 0.00225365814724155 0.0001813582892186096 0.00151751914185217 0.0007529743715485745 0.0008905716204666899 0.0008432398713321649
 1 0.004458456670269987 0.0001050080245511817 0.00326373855602581 0.0007310265810509445 0.0007242873377740974 0.0007145779575620268
 1 0.0004132916728925337 0.0001533191756301272 0.000516863705700973 0.01716213819374812 0.01595653750021316 0.01730916664020412
 1 0.0004882122704004015 0.0002134174030642757 0.0003958363336448095 0.02068793867104608 0.01329714781635681 0.01578282438043885
 1 0.0004778908056198426 0.000118108028862067 0.0005151472049226616 0.01446121668056224 0.01217144520925832 0.01543803590316147
 1 0.0003990546831711369 0.0001954792628317326 0.0004237286824098567 0.01892460321961871 0.01735763003240972 0.01666588582664919
 1 0.0004767190705597966 0.0001826779081763184 0.0003952196692829069 0.01705274270940407 0.01569361361864302 0.01956829693370147
 1 0.0004071209792221813 0.0001102831625963277 0.0005269312751194987 0.01726815044944983 0.01447341593997154 0.01910112350405348
 1 0.0005091110568816552 0.0001910040680146736 0.0004746150469646683 0.01896327888358534 0.01662675310554043 0.01957305879136997
 1 0.0004849320310146405 0.000132062049155897 0.0005169377178849425 0.01640807574108979 0.01895069338947416 0.01737615403348538
 1 0.002349381784136081 0.0001569842812632725 0.00266477468284851 0.0007403365998959043 0.0007132131169801571 0.0007327323580944019
 1 0.002676496762587365 9.933722319712318e-05 0.003141365420222112 0.0007470426035274339 0.0007473950921036537 0.0007137438688058222
 1 0.0004965986345225899 0.0001380546716557106 0.0004003823821823001 0.0149626453172197 0.01579655335022435 0.01905471546025048
 1 0.0004211046159502237 0.0001191696173108069 0.0004820646871171593 0.01886651630760311 0.01773329247251531 0.01818439758056829
 1 0.0004930320559339442 0.0001361187601087544 0.0005089094220285627 0.01602478395595114 0.01702305763681147 0.01660438117070805
 1 0.0004845087288274153 0.0001710998637296237 0.000484644186226091 0.02044471144649551 0.01765900469864186 0.01721505423212657
 1 0.0004786476462866898 0.0002098307832451298 0.0004544396698105854 0.01710003095652429 0.01700205010308176 0.01849701984026788
 1 0.0003974977772207096 0.0001153585079630213 0.0004620639397782392 0.0203209145005485 0.01789506148914368 0.01510816846689694
 1 0.0004000148868178402 0.0001719669161196869 0.0004588872653773095 0.02028612171039743 0.01833443676845939 0.01871199964490158
 1 0.0004482618523139377 0.0001460201862949042 0.0005261797361541652 0.01899201205225185 0.01815575871514508 0.0131971467385729
 1 0.00259424639289571 0.0001538390191571842 0.002413762181758509 0.0007230318913830744 0.0007504949516566661 0.0007360165686735907
 1 0.003179113242274797 0.0001113978969620371 0.002693613200429353 0.0007451289100605345 0.0007297275022423957 0.0007423460616898375
 1 0.0004643400169124136 0.0001319643152504085 0.0004733250957020741 0.01511967953739163 0.01769154259704273 0.01609765179106977
 1 0.0004702601178522097 0.0001373361198325849 0.0004812715015291573 0.01818485618931437 0.01890885470440917 0.01927772565385798
 1 0.000593129675174424 0.0001605452785233032 0.0004903219914264497 0.01584595709307429 0.01617121367833729 0.01872338543738261
 1 0.0004193751230945168 0.0001505974721573638 0.000558954093270903 0.01898068295293042 0.01827581070082802 0.01747476354017622
 1 0.0004811060322093601 0.0001358889301033012 0.0005005214673613387 0.01784490651790197 0.01848062402105347 0.01687555690758764
 1 0.0006426696842510702 0.0001414990835188604 0.0005041026839498236 0.01457077253972076 0.01608492670461335 0.01640540234916156
 1 0.0004326986189122191 0.0001050993202371759 0.0004903300358461069 0.01481477656167215 0.02008682907600682 0.01400551945611555
 1 0.0004396111781097924 0.0001754582504744536 0.0004164565837361022 0.01895522359386337 0.01909314254145827 0.0112040766473458
 1 0.002670007385597834 0.0001586490956045955 0.002322567321417375 0.0007158834795085987 0.0007264021530901698 0.0007309501316099151
