# Created by Octave 3.8.2, Fri Apr 17 17:21:24 2015 BRT <uluyac@uluyac-linux-note>
# name: Metricas
# type: matrix
# rows: 72
# columns: 6
 0.03658188077153344 0.01817966353819317 0.04317873694923357 0.002160275966489072 0.0003787849251573049 0.000870316159093109
 0.0330079557115559 0.01948964544704999 0.03020923918686482 0.001703561498981767 0.0004317259519751259 0.001315047323249546
 0.01206621381496303 0.01553883399495034 0.0190842665016256 0.009900767226256125 0.006722366493565992 0.002249641433493114
 0.02385040030527993 0.01741356030742592 0.02596884154750627 0.003093918847201754 0.0008229795059784517 0.001865189838475088
 0.0100564924439572 0.002493323606690907 0.007729883044096881 0.01667693646258278 0.004323927366869262 0.02062831986811005
 0.007842062425799797 0.002406589882336663 0.005918958215007862 0.0185764001596615 0.01158722773843754 0.01600444440528386
 0.005928930641190336 0.003773273243963834 0.006628636918524344 0.0007355051386607759 0.0003529869753325278 0.000755307895417637
 0.0385140280488299 0.02428318099291883 0.03426430699434412 0.002051050127249993 0.0007059181440718787 0.002766200412241957
 0.008252406139412766 0.001442332246754339 0.00789971275925753 0.02323080181107061 0.0217089658524821 0.02458634734981038
 0.007206236402143471 0.002961113071614948 0.00690476753808395 0.02603342023113204 0.02314358742168381 0.01883440993758035
 0.04829228594039213 0.031043565515042 0.05355570019426002 0.001239486770525042 0.000330529880680637 0.0009716193971701108
 0.04386372170316958 0.02584076284957684 0.04756192843843914 0.000764612869915194 0.0002218903990569709 0.0005922803112847219
 0.03025940711641686 0.02014049079735685 0.02969339190578799 0.003053578519096225 0.0003864676620862982 0.001209489515464796
 0.03887787239802028 0.02199257282661104 0.03821439952099498 0.000891981278686259 0.0001930543101102509 0.001005930570032345
 0.04074866771626407 0.02350161278934665 0.04495416180913002 0.001459686057750276 0.0003341151945467624 0.001598325846040719
 0.02862209290809547 0.0170909296109576 0.01806435884576576 0.002743389714134959 0.0006446473264757463 0.003026675358643855
 0.008347071441368316 0.001855066159803932 0.007754929688282845 0.02338733817246452 0.01988409473172163 0.02282701462740671
 0.008896700859322204 0.003364277222789085 0.009939096800030221 0.02055514681873184 0.01975271718149982 0.01568473790376148
 0.04737294632968587 0.02880833026122738 0.04805457745999284 0.0004555584704014754 0.0001575788478677281 0.0005630540895100305
 0.04324454442875254 0.022441007255484 0.03980815513321162 0.0004681234603591613 0.0001495844481907588 0.0006178936381201444
 0.006442442865855584 0.002749260109499195 0.00570260018730722 0.02234584508479087 0.01898041011156866 0.02239666054169306
 0.007907412499289676 0.001677173380782662 0.007724075641224006 0.01943389167604772 0.02317227310939542 0.0259188748205139
 0.04257807077458401 0.02388602208329016 0.03628888841644693 0.0006569915804721838 0.0001991880253709521 0.000841821164232964
 0.03628354499554032 0.01989804862460908 0.03478701821140404 0.0003647757638137598 0.0001208976203847708 0.0004507668129341862
 0.0114548284469434 0.002598816590901026 0.009909182296121078 0.003330840698997591 0.00420269340306976 0.005820736042528876
 0.006597587876350949 0.003867909753504319 0.006299363938933007 0.02308571999258149 0.02364985020510697 0.02275215121761349
 0.0377775295371852 0.02007667573900953 0.04725988730188826 0.0009175899411736901 0.0002348251554533825 0.0008904789283331551
 0.0417082756712113 0.0246994058696513 0.03794395392453107 0.0009883338328123483 0.0002457474035619501 0.001184420244171403
 0.04631620532891705 0.02836523295460839 0.04706205352086872 0.0002669948415511624 9.552494926276407e-05 0.000298461686800927
 0.03879878500059505 0.02042020965769643 0.03371016631564773 0.0006321187074432618 0.0001641146897173083 0.0006262870959773801
 0.007110126154983677 0.002259106796577687 0.007132142917792095 0.02198915844341248 0.02749168120449678 0.01770860928760833
 0.007494252166217452 0.002370288017840918 0.007416656121053328 0.02184653637590856 0.02105744878719563 0.02417964074967707
 0.03660237742587889 0.023889261846111 0.03765724840147443 0.0008060620840626589 0.000208832057887051 0.0007737200789565841
 0.04316620583027561 0.02622956829654614 0.04288011818102076 0.0003945487066924742 0.0001196973263129396 0.0003984610337655361
 0.0588262291641227 0.03101159644550682 0.05551278119966865 0.0005329498348617794 0.0001732997641394799 0.000573433823580627
 0.04820167015047517 0.02704141428632624 0.04334797163904267 0.0003118563216155945 0.0001113633965318557 0.0003073242735034399
 0.009481444203158643 0.00311408435326713 0.008602376076274863 0.007366633456724113 0.008570453368106648 0.006663783963323002
 0.007318909218116738 0.002875193463418272 0.006113135503750772 0.02232300269925592 0.0168965130581595 0.02432182778646695
 0.04074727453347288 0.02247622326489709 0.04263067825462453 0.0005816208372980958 0.0001486669753483425 0.0005295456809914158
 0.02882461287666145 0.01770348838535739 0.02853756825149057 0.001573565939352374 0.0002898055412863979 0.00138635040934412
 0.05944002880124006 0.03387206338700214 0.05679937581640063 0.0003765030803796728 0.000122728925644448 0.0003802048008242258
 0.04268175881527943 0.02340801753195747 0.04469522964397264 0.0004564843762388854 0.0001208420155237502 0.0004659468428700907
 0.008350366038451814 0.002753737853130659 0.007660418984465816 0.02109449333665467 0.02208377106984231 0.01919113947031862
 0.007499206223065161 0.002344648310756592 0.007308785867239546 0.0210929594380105 0.02448014473258895 0.01637216202465186
 0.04779091735726999 0.02653542289547241 0.05207542271610222 0.0005286013716394827 0.0001540886897782429 0.0005641176145606098
 0.03377492000151014 0.01870828432018581 0.03960366330045433 0.000712423965601746 0.0001990922443425013 0.0007365092463758713
 0.04146425108640466 0.02345104091098549 0.04369576920456496 0.0004656429148355551 0.000136928365849155 0.0004858268797820361
 0.03509817265160627 0.01971745179027725 0.03137346016312104 0.001069719397474021 0.0007037484840966906 0.001883379225443755
 0.03150163736281587 0.009874417788201634 0.03104368195538747 0.002889697222882352 0.003452850851459811 0.001990532674991652
 0.04073655931810627 0.02194280660165541 0.03556434650956481 0.0008034648732361618 0.0001859453171099668 0.0006800107459675144
 0.03975203278568115 0.02140458378323229 0.04692976661945762 0.0004738297764053821 0.0001150416221856682 0.0004023094356506411
 0.0522302543816904 0.02327428241641242 0.04616675146146861 0.0004561701643185883 0.0001320942319502397 0.0004235474096103819
 0.03810942883538657 0.02362423413939454 0.04541319781180158 0.0005144323517932576 0.0001508697679685935 0.000532535174511884
 0.03713566390465156 0.02406474547291957 0.04044648978900107 0.0005526619775346478 0.0001339309731575799 0.0005612168332697075
 0.03572759679420716 0.02059723228722512 0.03761295208042024 0.0006336994400108822 0.0001633850122589385 0.0005860926630017942
 0.04625571397384259 0.0295765295124067 0.04559262910605646 0.0002652229857268545 8.89028096606079e-05 0.0002381410721495031
 0.007686260729521195 0.00269285066587564 0.006791936103454745 0.01858484294085065 0.02144871138089534 0.02970641127562078
 0.008001703098532363 0.002510932475638186 0.00805875641013247 0.02421382210246724 0.01808529224016878 0.0171712685441455
 0.04588112416211875 0.02837085593960352 0.04521036847203073 0.0002584895515374664 9.88269097257805e-05 0.0002726745403362887
 0.04022587504863109 0.0217332451805095 0.03885719620637404 0.000330565897283887 0.0001070659333442469 0.0003046102525507439
 0.04579373186121393 0.01192639801826875 0.04407915001690006 0.004718372106512811 0.005768712383620409 0.003974019186666638
 0.04660165583183425 0.02263742504885587 0.04195685642136512 0.00119136963312486 0.0006791343673000282 0.003271614650283823
