# Created by Octave 3.8.2, Fri Apr 17 18:55:04 2015 BRT <uluyac@uluyac-linux-note>
# name: Metricas
# type: matrix
# rows: 18
# columns: 6
 0.005814901380521254 0.004996247437522742 0.005846192356465924 0.0003925325398157276 0.0001585243943838069 0.0002805132001505093
 0.004921132176932574 0.00551571372270943 0.004363199554864934 0.0006468401174372109 0.0002519606166775902 0.0005769424327761765
 0.001921393710559413 0.000475182438362818 0.002082435162195324 0.01702152604036521 0.01478840687375935 0.01762061587829848
 0.005278994579906095 0.005761700072364729 0.005280680683187251 0.000423995897091131 0.0001409382255742263 0.0002705091756928282
 0.004962606451407477 0.005532819055599015 0.005022862194180804 0.0002499582759072977 0.0001003941267957842 0.0001823607582506697
 0.005033390662158487 0.005155444764146557 0.00518054401900462 0.0002218671197448969 9.827515583717658e-05 0.0001652952537595917
 0.003411989414040827 0.0008301852623867152 0.002987932881037634 0.003161330477531107 0.003832741215157924 0.003589629119916957
 0.00232687626594754 0.0007299737131407734 0.002200152332152587 0.01533135297146071 0.02048180020917339 0.01552037215681899
 0.001963447584605356 0.0005717201806720323 0.001900107862057662 0.01741373363155278 0.01823623648288632 0.01769681855962257
 0.001884158118428065 0.0006537728045151771 0.002128492065535054 0.01555723972110723 0.01514062942937481 0.01669737539905832
 0.004641597931615468 0.005259159987734101 0.004701533461974655 0.0001911861380544327 6.737328794654903e-05 0.0001387967437940417
 0.004347265470800528 0.004939999372176484 0.004325746186778472 0.0003608862004460467 8.503147158840177e-05 0.0002196330166760404
 0.007171527324362693 0.006745100754294694 0.008246879128324888 0.000533928863313298 0.0002309394159903719 0.0004384977686591526
 0.005042003785131028 0.005327783779744617 0.005654210000401965 0.0001507647019257401 5.636992592170235e-05 0.0001104321962970844
 0.003927987152989585 0.004372497172759526 0.004109281131159851 0.0002122125914347509 5.685460919990753e-05 0.0001350450120525339
 0.003754778635910059 0.004358194732681568 0.003721938771162746 0.000222990068243069 5.031711162347512e-05 0.000143283243516576
 0.003736225438926416 0.005639562502772043 0.004239043405132544 0.0002526748268479066 5.864955128534249e-05 0.0001823379521485664
 0.0038294371222645 0.004946757370541443 0.004095856936870873 0.0001572541770679961 4.269441816407243e-05 0.0001284142707666694


# name: saida
# type: matrix
# rows: 1
# columns: 18
 0 0 1 0 0 0 1 1 1 1 0 0 0 0 0 0 0 0


# name: etiquetas
# type: matrix
# rows: 1
# columns: 18
 0 0 1 0 0 0 1 1 1 1 0 0 0 0 0 0 0 0


# name: acuracia
# type: scalar
1


